5.563251684516625772e-01,1.372335580623617046e+00
5.614468878936123009e-01,1.373815070323340493e+00
5.390067766824224726e-01,1.367333604499654243e+00
5.467257822952285018e-01,1.369563294475555359e+00
5.710607376166932925e-01,1.376592333534569113e+00
5.904717054963272149e-01,1.382199128892911411e+00
5.759868171661782776e-01,1.378015449558153582e+00
5.956937019005671408e-01,1.383707717940601434e+00
5.796891797731875684e-01,1.379085108198359944e+00
6.253651771094878020e-01,1.392278292275352047e+00
6.224063618810614651e-01,1.391423803317775265e+00
6.351651635904659310e-01,1.395109189096075175e+00
5.972034014704634686e-01,1.384144453696603660e+00
6.469540886820079884e-01,1.398514571505692583e+00
6.537956686494275083e-01,1.400490828284302713e+00
6.529995280917326728e-01,1.400261007004220515e+00
6.732961892842447282e-01,1.406123628160785399e+00
6.387048155748593636e-01,1.396132396295483913e+00
6.426716276218403801e-01,1.397278306215549382e+00
7.012568749609021657e-01,1.414200198406217801e+00
6.719659726457594129e-01,1.405739954583192564e+00
6.735068428254337158e-01,1.406185156285958193e+00
6.809399817704654412e-01,1.408332280340612641e+00
7.071649311232856006e-01,1.415907228755617142e+00
7.050338446898121170e-01,1.415291823468005639e+00
7.298089276297381467e-01,1.422447992973874253e+00
7.353190920959328247e-01,1.424039685970290625e+00
7.537110366803987382e-01,1.429352150897025275e+00
7.721756659426123326e-01,1.434685610209075035e+00
7.614675486935629234e-01,1.431592817177945065e+00
7.614322079868336424e-01,1.431582747748078477e+00
7.631870968482671325e-01,1.432089768147533082e+00
8.015913968998246153e-01,1.443182600078719569e+00
7.826239926235574185e-01,1.437704196167976622e+00
7.798510135282085143e-01,1.436903388155062578e+00
8.046937624753209839e-01,1.444079103741802150e+00
8.198722640335390777e-01,1.448463399435011345e+00
8.180426648508487553e-01,1.447935077538092585e+00
8.110487233197902768e-01,1.445915087756136197e+00
8.083183288081018381e-01,1.445126580484082712e+00
8.704112582768677164e-01,1.463061634201399563e+00
8.764262010297017014e-01,1.464799129285629498e+00
8.636826381716355971e-01,1.461118420037309296e+00
8.453237463731072543e-01,1.455815779976066038e+00
8.918066996787299416e-01,1.469242050530070287e+00
9.076326123969993276e-01,1.473813345371516537e+00
8.842440146479069174e-01,1.467057925955981945e+00
9.102444732283268003e-01,1.474568035548435629e+00
8.885329790080358503e-01,1.468297030685282945e+00
8.956942018919988868e-01,1.470365617940640135e+00
9.397909137678249758e-01,1.483102647345343250e+00
9.586567454777764619e-01,1.488551992522023637e+00
9.152170192704993656e-01,1.476005008133855601e+00
9.614118060535979948e-01,1.489348045454776059e+00
9.827510013949132262e-01,1.495511796886155320e+00
9.816304015156461782e-01,1.495188263908634907e+00
9.950529790379790684e-01,1.499065380551629634e+00
9.651689571945614166e-01,1.490433824449560518e+00
9.877314935649610383e-01,1.496950925784177322e+00
1.018573503698078975e+00,1.505859469345185442e+00
9.844967978853638169e-01,1.496016899072520001e+00
1.007171374345124937e+00,1.502566362190617122e+00
1.037074289440763408e+00,1.511203657784846000e+00
1.053388333209831940e+00,1.515915945502478213e+00
1.018205283198589717e+00,1.505753819057924048e+00
1.017957493019061799e+00,1.505682388768417646e+00
1.079199407634759522e+00,1.523371637227454167e+00
1.074001458719067159e+00,1.521870403748268874e+00
1.078690657197775238e+00,1.523224972717190262e+00
1.047209386120163677e+00,1.514132067750634469e+00
1.079402183761967615e+00,1.523430772924219134e+00
1.103969344906522210e+00,1.530526890203495416e+00
1.098030128922625526e+00,1.528811549292692362e+00
1.117821033840115330e+00,1.534528093319581732e+00
1.123781763085342167e+00,1.536249931114173961e+00
1.141430284854465294e+00,1.541347669448701385e+00
1.105306806200393677e+00,1.530913909825900365e+00
1.121985135142214318e+00,1.535731417761224238e+00
1.170883186506975093e+00,1.549855266316954694e+00
1.155317975263334684e+00,1.545359554058283402e+00
1.146876971662413425e+00,1.542921597029549563e+00
1.180612145033813842e+00,1.552665801710437110e+00
1.189438065885038309e+00,1.555215220945060040e+00
1.179273288495452210e+00,1.552279369215443294e+00
1.174192194302642545e+00,1.550811887873078554e+00
1.183474072541950584e+00,1.553493005668750371e+00
1.217508936701344302e+00,1.563323772808908441e+00
1.230545411883949836e+00,1.567089367826804747e+00
1.232455338132508960e+00,1.567641171775087550e+00
1.254627291843570358e+00,1.574045457171988627e+00
1.267576442027449124e+00,1.577785829079801916e+00
1.252833892477784872e+00,1.573527733800333284e+00
1.265583399484871974e+00,1.577210440667493163e+00
1.289349109489708045e+00,1.584075066174689184e+00
1.289204731139752536e+00,1.584033504646408463e+00
1.271192219307178295e+00,1.578830913576576789e+00
1.288836498268593589e+00,1.583927425465546657e+00
1.306793251023973035e+00,1.589114192161507066e+00
1.309886075153411156e+00,1.590007663464046539e+00
1.289014322776518728e+00,1.583979209362026630e+00
1.338174588243113750e+00,1.598178794531081248e+00
1.304864104597624141e+00,1.588557538633393218e+00
1.333221010257163996e+00,1.596748283727624340e+00
1.341560608413516986e+00,1.599157232093086689e+00
1.344718575879480849e+00,1.600069518780718569e+00
1.366454480267579541e+00,1.606347854355654192e+00
1.387216434900529372e+00,1.612344874286049778e+00
1.354094700574095089e+00,1.602778136044437751e+00
1.398471965091535152e+00,1.615596198912728987e+00
1.414893933785593472e+00,1.620339657466264072e+00
1.430973473877873436e+00,1.624984208852376266e+00
1.408882417407081977e+00,1.618603569714949231e+00
1.405319485051484740e+00,1.617574591514157500e+00
1.428982396924039389e+00,1.624409522647345394e+00
1.415592640009739833e+00,1.620542165366487097e+00
1.424470801131557884e+00,1.623106670624512748e+00
1.466269686902835545e+00,1.635179993761574524e+00
1.483752949937803489e+00,1.640229995278471797e+00
1.456875860167089254e+00,1.632466957818949460e+00
1.460767645545482107e+00,1.633591198284014112e+00
1.472594721917090288e+00,1.637007467048195775e+00
1.484166357023912752e+00,1.640349954016055989e+00
1.477245504186266878e+00,1.638351072877896275e+00
1.507778462324842472e+00,1.647170345686526094e+00
1.516157821245560422e+00,1.649590775454613745e+00
1.539117215999241894e+00,1.656222500780492490e+00
1.544570220951105188e+00,1.657797682451022547e+00
1.510346455517241004e+00,1.647912630478378659e+00
1.556017409935676277e+00,1.661104359301402766e+00
1.541776175146023498e+00,1.656991058605455702e+00
1.560587047631898594e+00,1.662424524278177662e+00
1.563779277050891814e+00,1.663346702810296618e+00
1.602281385466180597e+00,1.674467782208069577e+00
1.566651573750116100e+00,1.664176606751932352e+00
1.616468331336518238e+00,1.678565807577290014e+00
1.578144917084361332e+00,1.667496611851813526e+00
1.614827282513197959e+00,1.678092076018252499e+00
1.636042951681192292e+00,1.684220141318443442e+00
1.611087635431291964e+00,1.677012184668413841e+00
1.611320225731258216e+00,1.677079499589255507e+00
1.632970573343828891e+00,1.683333116638141114e+00
1.630529886836626474e+00,1.682628282126049868e+00
1.679204592577672406e+00,1.696687610934085821e+00
1.658236698721093472e+00,1.690631379638404486e+00
1.668993595137165720e+00,1.693738532580499667e+00
1.673839358409983102e+00,1.695138314294907245e+00
1.707272252531695234e+00,1.704795199080000767e+00
1.663671126223603247e+00,1.692201586668069302e+00
1.667687359107132394e+00,1.693361766118775424e+00
1.710620184721023396e+00,1.705762609120509810e+00
1.685321149469567015e+00,1.698455369593331543e+00
1.700086351086218972e+00,1.702720279000462078e+00
1.717840866987550674e+00,1.707848621287465285e+00
1.736206996659229285e+00,1.713153621728320974e+00
1.747906108835340477e+00,1.716532921365247599e+00
1.754839536897052410e+00,1.718535701093043766e+00
1.773553595727619392e+00,1.723941196451153512e+00
1.767943513380236809e+00,1.722320909574963643e+00
1.780562853588688155e+00,1.725966006543331321e+00
1.775214861686004841e+00,1.724421421214136219e+00
1.805226905592411946e+00,1.733090223934117047e+00
1.815812858066542690e+00,1.736147996487331202e+00
1.809257238493661379e+00,1.734254599166587418e+00
1.785308580337901407e+00,1.727337398405081714e+00
1.793249079884938535e+00,1.729631057675252048e+00
1.838578157020454462e+00,1.742724028732586694e+00
1.840663828295548310e+00,1.743326579452770808e+00
1.844460523333072866e+00,1.744423341720950482e+00
1.828581047068528864e+00,1.739836840757813086e+00
1.875712456950585416e+00,1.753450396000042488e+00
1.863152532060452948e+00,1.749822713139013830e+00
1.834918154302803917e+00,1.741667622892989264e+00
1.844865127134272642e+00,1.744540828863667903e+00
1.881019270033813529e+00,1.754983710227554283e+00
1.874430317163185533e+00,1.753080680729322216e+00
1.898964619779547780e+00,1.760167288120936924e+00
1.874821799662903965e+00,1.753194001029507731e+00
1.923335743260182307e+00,1.767206884196783623e+00
1.904016950770659244e+00,1.761626967883200390e+00
1.942030073928574518e+00,1.772606794602016089e+00
1.929868074500102004e+00,1.769094044730847193e+00
1.931534797666794701e+00,1.769575580987353236e+00
1.916618562976085460e+00,1.765267297349611519e+00
1.917656939169511077e+00,1.765567341142523894e+00
1.968449593590226643e+00,1.780238404094891536e+00
1.971562106467976694e+00,1.781137540454809987e+00
1.943644245840385087e+00,1.773073867158097006e+00
1.983027106244847904e+00,1.784449325378140161e+00
2.004923470451180911e+00,1.790773985779539723e+00
1.963191062331401060e+00,1.778720119032281888e+00
1.974169340831792185e+00,1.781891200056967994e+00
1.974615106072624027e+00,1.782020070823494340e+00
2.022162768748803963e+00,1.795753847380699764e+00
2.027412066984281225e+00,1.797270169148589058e+00
2.022631641708923844e+00,1.795889506376264322e+00
2.052344637637949276e+00,1.804471918669612984e+00
2.006380051109053042e+00,1.791195626961634257e+00
2.014202385462342093e+00,1.793455142371356281e+00
2.021230342524540369e+00,1.795485209485628175e+00
2.077836697008539346e+00,1.811835494314951278e+00
2.054612418381748018e+00,1.805127508491968902e+00
2.081289697345713119e+00,1.812833081920078193e+00
2.053270349508370618e+00,1.804740087960648998e+00
2.056182903559690800e+00,1.805581460239797265e+00
2.068023421857406063e+00,1.809001584128504980e+00
2.083538101401967602e+00,1.813482951815014399e+00
2.093930967985238034e+00,1.816484935194055517e+00
2.105806216767100558e+00,1.819915089174743761e+00
2.082525267034364802e+00,1.813190730634614001e+00
2.095444472957137982e+00,1.816922420077778266e+00
2.102484391160505339e+00,1.818955936283914721e+00
2.144970785468184094e+00,1.831227807757988657e+00
2.157487584351189369e+00,1.834843264491738069e+00
2.147228990133695170e+00,1.831880278990627664e+00
2.152818732908357013e+00,1.833494924671156934e+00
2.166647474606918422e+00,1.837489321263894526e+00
2.149101324902012333e+00,1.832421397585678235e+00
2.180993713881798524e+00,1.841633294778459273e+00
2.189294688411113299e+00,1.844031050213153611e+00
2.193618958428783294e+00,1.845280174277556640e+00
2.186547160791974864e+00,1.843237659036216280e+00
2.197204674212326569e+00,1.846316075268270129e+00
2.196223154835597491e+00,1.846032674165934528e+00
2.185973928663024868e+00,1.843072389234487130e+00
2.225031370032306555e+00,1.854353835505197612e+00
2.190454928267071111e+00,1.844366879532008063e+00
2.219279115130690094e+00,1.852692552730248909e+00
2.214381212864779069e+00,1.851277941318772324e+00
2.212307461003368836e+00,1.850679056598320216e+00
2.201336088401578905e+00,1.847510183638644055e+00
2.223769495924098116e+00,1.853989942666883106e+00
2.251038774652392327e+00,1.861866493563212099e+00
2.248252858333154691e+00,1.861061905065648059e+00
2.250005804541975962e+00,1.861568320479690453e+00
2.238203365196984151e+00,1.858159399425285629e+00
2.243061645138050508e+00,1.859562757881565442e+00
2.263356185915743612e+00,1.865424723418173114e+00
2.289288170664284028e+00,1.872915006980918839e+00
2.277774343615915242e+00,1.869589446302353242e+00
2.268685173542665190e+00,1.866964222645008498e+00
2.312606121396862058e+00,1.879650434286728622e+00
2.271451294242678109e+00,1.867763368997697349e+00
2.293124186929871300e+00,1.874023453922928129e+00
2.322806684177610492e+00,1.882597031425526923e+00
2.286563017644712481e+00,1.872128503324596904e+00
2.302406026298752018e+00,1.876704683419343489e+00
2.305109586373372821e+00,1.877485666190001901e+00
2.342650623956458844e+00,1.888329101027053758e+00
2.321947844895591473e+00,1.882349398443711408e+00
2.321501243325378994e+00,1.882220487027649547e+00
2.346865482528087021e+00,1.889546775030649828e+00
2.366988700875345408e+00,1.895359246579626511e+00
2.370248353802758334e+00,1.896300847337748952e+00
2.335644422960509559e+00,1.886305934600541967e+00
2.382626908263709709e+00,1.899876431557518952e+00
2.363283436531641080e+00,1.894289346641148120e+00
2.358769202371092000e+00,1.892985536214953468e+00
2.360818641886766045e+00,1.893577575823164549e+00
2.380447136605715386e+00,1.899247146899659899e+00
2.384355872386793251e+00,1.900376224085715826e+00
2.395950239925473291e+00,1.903725217530087610e+00
2.394204190176423275e+00,1.903220965825505928e+00
2.383941839940555418e+00,1.900256866268603462e+00
2.410065780853154926e+00,1.907802577867193872e+00
2.396108963128507519e+00,1.903771367421393190e+00
2.433877910004715872e+00,1.914680619738507339e+00
2.437059687981300016e+00,1.915599717784996381e+00
2.399997437844203496e+00,1.904894735042473197e+00
2.402164150641372231e+00,1.905520640406829891e+00
2.432484494833818900e+00,1.914278436483941581e+00
2.399422129621151090e+00,1.904728777922235494e+00
2.435180833380420573e+00,1.915057387703974268e+00
2.406112519419425055e+00,1.906661369005838047e+00
2.422012146479634254e+00,1.911253884119814561e+00
2.413386324245903047e+00,1.908762470784567622e+00
2.445630766202736339e+00,1.918076018786799786e+00
2.439472563408883410e+00,1.916297350915514341e+00
2.457979716854427288e+00,1.921643020768619037e+00
2.454705959761062761e+00,1.920697494394959737e+00
2.441134027086794944e+00,1.916777443535795156e+00
2.478123249112093696e+00,1.927461469614640155e+00
2.473631800269648906e+00,1.926164223122525332e+00
2.450725669473825974e+00,1.919548081439990117e+00
2.491187274081498870e+00,1.931235067872356881e+00
2.475156110646560048e+00,1.926604689434932016e+00
2.475095464402879308e+00,1.926587232463959687e+00
2.484084106792362245e+00,1.929183570156406624e+00
2.506732545001060686e+00,1.935725400834459320e+00
2.478476300082641082e+00,1.927563928386721637e+00
2.500146574976064073e+00,1.933823224988697298e+00
2.504170246057758398e+00,1.934985477972780643e+00
2.521427414356130381e+00,1.939970091895588666e+00
2.522881638931009363e+00,1.940390184746633162e+00
2.498374271703469596e+00,1.933311533869221943e+00
2.500022050883762503e+00,1.933787531475433141e+00
2.512744114513273175e+00,1.937462223260748351e+00
2.508053705878769524e+00,1.936107497938810429e+00
2.539185507841809297e+00,1.945099654716464288e+00
2.493335015864334814e+00,1.931856254460561306e+00
2.515034995474700441e+00,1.938124123276679267e+00
2.506228402747945339e+00,1.935580476730081267e+00
2.518955965803467478e+00,1.939256752287698227e+00
2.541016680093024060e+00,1.945628813303111881e+00
2.525257218873846909e+00,1.941076898712841503e+00
2.522148158001622509e+00,1.940178923398323763e+00
2.557212944741088290e+00,1.950307076706179199e+00
2.550708181227004712e+00,1.948428285463199128e+00
2.517250120724883189e+00,1.938764306451135067e+00
2.522880491757275578e+00,1.940390624360736727e+00
2.548169647376586688e+00,1.947695182369644229e+00
2.543723490589623104e+00,1.946410995612648964e+00
2.541214424955388296e+00,1.945686317211512417e+00
2.560012792101710399e+00,1.951116074242273957e+00
2.573182329630128606e+00,1.954920000004795932e+00
2.154849479032991066e+00,1.841431462681438536e+00
2.568950286338577360e+00,1.953697691025458205e+00
2.556466546412519136e+00,1.950091924833819323e+00
2.578618946732194050e+00,1.956490456276366086e+00
2.585534957638349951e+00,1.958488110055946807e+00
2.588680517006816117e+00,1.959396706247195308e+00
2.564686458020367432e+00,1.952466297596306077e+00
2.561476979508430674e+00,1.951539303759816768e+00
2.559185825165470440e+00,1.950877557722636491e+00
2.567923180081420398e+00,1.953401284092563639e+00
2.570984009097601053e+00,1.954285402579370556e+00
2.485065917637800048e+00,1.933148945526448115e+00
2.395377129298217334e+00,1.903631561404870887e+00
2.578710935715293751e+00,1.956517329053281351e+00
2.397417877705946054e+00,1.904214471595331082e+00
2.570472207400205100e+00,1.954137706150694598e+00
2.581514606036737103e+00,1.957327215101736684e+00
2.583733279517218762e+00,1.957968079509869952e+00
2.333377004652192888e+00,1.893069277778400394e+00
2.577712349989599971e+00,1.956229038448022095e+00
2.596408422445705799e+00,1.961629230141213931e+00
2.519750747222147425e+00,1.943167541971480228e+00
2.419439522485381744e+00,1.910575374614883248e+00
2.408900390498458943e+00,1.907537862260951567e+00
2.580852757317082524e+00,1.957136206786873833e+00
2.611748563940960111e+00,1.966060163817179074e+00
2.588525248028201275e+00,1.959352359311187453e+00
2.017355941847831957e+00,1.794383034832990775e+00
2.616058307995841048e+00,1.967305032671568199e+00
2.583566683305024370e+00,1.957920168351313439e+00
2.587384863203404883e+00,1.959023022606278364e+00
2.381962610299998229e+00,1.899750676625828749e+00
2.411135745609555237e+00,1.908177051280344205e+00
2.403956866277920046e+00,1.906103513629914925e+00
2.417267331665254204e+00,1.909948114875630765e+00
2.415822900546618524e+00,1.909530912741826736e+00
2.591434514397986000e+00,1.960192774453662690e+00
1.811988045717102924e+00,1.735126378582266149e+00
2.388117427024829098e+00,1.901528483301758055e+00
2.618845458838682028e+00,1.968110161643133793e+00
1.660018219938651063e+00,1.691310834264834639e+00
2.598432161814252073e+00,1.962213991844551142e+00
2.387510563326583402e+00,1.901353205637863031e+00
2.406524873882942117e+00,1.906845296658477462e+00
1.659123483761385298e+00,1.691052400253016508e+00
2.600086373128246642e+00,1.962691791851279621e+00
2.404793989938306620e+00,1.906351933992074255e+00
1.837577682090182796e+00,1.742570353973099895e+00
2.407652542895835968e+00,1.907170998227596392e+00
1.829355060386890219e+00,1.740195322645192277e+00
2.618243171948380965e+00,1.967936175946498167e+00
2.598367292224065928e+00,1.962195221843616721e+00
1.657889660986678226e+00,1.690695981829918537e+00
1.651549307828505064e+00,1.688874326402411530e+00
2.587731325311155572e+00,1.959123102502382974e+00
2.381744660844313799e+00,1.899687710008918229e+00
2.587503404352850644e+00,1.959057246520652829e+00
2.378171980601410773e+00,1.898655752295122401e+00
2.582707448020593155e+00,1.957671956015174075e+00
2.594360803066227739e+00,1.961037894697550410e+00
1.833663228688330538e+00,1.741386999864376062e+00
2.579914584552220447e+00,1.956865218006762941e+00
2.593263359256885003e+00,1.960720858661212151e+00
1.817878105328477822e+00,1.736880143826144973e+00
1.817497573881301065e+00,1.736770211495009653e+00
2.601178124039394746e+00,1.963006899314947651e+00
2.570836973798550140e+00,1.954243143657663717e+00
2.572748973596076461e+00,1.954795382912959845e+00
2.594974196927681831e+00,1.961214890185579707e+00
2.565107280466105699e+00,1.952588109291355511e+00
2.595912218926119230e+00,1.961485778507008337e+00
2.567968222817297974e+00,1.953414411773922943e+00
1.820316915667703039e+00,1.737531787726771082e+00
2.592029470550446746e+00,1.960364204000166755e+00
2.591382981355843995e+00,1.960177442902619305e+00
2.560678688741825137e+00,1.951308788621587187e+00
2.581878516470738738e+00,1.957432113071973845e+00
2.580421697275112614e+00,1.957011293462412205e+00
2.586352733832982587e+00,1.958724380226990691e+00
2.573089970958525541e+00,1.954893531370296422e+00
2.565589595531747591e+00,1.952727088821065493e+00
2.581452621400189162e+00,1.957308927239608032e+00
2.560095777908460768e+00,1.951140182226274611e+00
2.550925712719532612e+00,1.948491463776493848e+00
2.381577529596210496e+00,1.899638697962227063e+00
2.558445617870391153e+00,1.950663433414580705e+00
2.554873074897118901e+00,1.949631499662568768e+00
2.532177698114125519e+00,1.943076127981986811e+00
2.555438116207601418e+00,1.949794621427590080e+00
1.744363255447737071e+00,1.715645299881076724e+00
2.373929577688871362e+00,1.897429410380093717e+00
2.530073189029269365e+00,1.942468084605279977e+00
2.542972991908559077e+00,1.946194015310314551e+00
2.367270294143137832e+00,1.895505803457401051e+00
2.545150308483126178e+00,1.946822814684574521e+00
2.533775916522305494e+00,1.943537387002951977e+00
2.514078880139829053e+00,1.937848046750398678e+00
2.552921662055256391e+00,1.949067339383277364e+00
2.533048702802178642e+00,1.943327183615658260e+00
2.524287957245736180e+00,1.940796677288272765e+00
2.501826450320058015e+00,1.934308843753070883e+00
2.495214906236821850e+00,1.932399110533463915e+00
2.533009315432261488e+00,1.943315586372289516e+00
2.502559238160727784e+00,1.934520332193942149e+00
2.489499944515845442e+00,1.930748228813583989e+00
2.482923420377042945e+00,1.928848606781866870e+00
2.505036819917018764e+00,1.935235777761059817e+00
2.470647694742144296e+00,1.925302765499638191e+00
2.493224342859315268e+00,1.931823739150781538e+00
2.510803046608862221e+00,1.936901106173484877e+00
2.505844664776772035e+00,1.935468863189478306e+00
1.781623490738601046e+00,1.726345856422441205e+00
2.491196155095423581e+00,1.931237657295840737e+00
2.498436182947778139e+00,1.933328798462730092e+00
2.472886481214072951e+00,1.925948957195287026e+00
2.445065423365388568e+00,1.917913056709533937e+00
2.483262120488434199e+00,1.928945715400020910e+00
2.454597189667857560e+00,1.920666068749755873e+00
2.458831952079838956e+00,1.921889164420668372e+00
2.471496711121620393e+00,1.925547178273887550e+00
2.470009620045717558e+00,1.925117572489125628e+00
2.415811290697531533e+00,1.909462858163415877e+00
2.426687323751364644e+00,1.912604213618376736e+00
2.433547225293053451e+00,1.914585549141924581e+00
2.410174095131180749e+00,1.907834378526970243e+00
2.409981782185633747e+00,1.907778751284897822e+00
2.416211301735184058e+00,1.909578004342586066e+00
2.387252727976945543e+00,1.901213531880384000e+00
2.403814283622752068e+00,1.905997086957934794e+00
2.429298166740220477e+00,1.913357764994099819e+00
2.421741448491870230e+00,1.911174998816464132e+00
2.416544861512332609e+00,1.909673931657948298e+00
2.388039441518428063e+00,1.901440343051552295e+00
2.373027219715524883e+00,1.897104127135990081e+00
2.354428994591104995e+00,1.891732129459936962e+00
2.373792752255591498e+00,1.897325065189579885e+00
2.349495529052231468e+00,1.890306967603632593e+00
2.381044361251682950e+00,1.899419436743770895e+00
2.328791982753856793e+00,1.884326773551926681e+00
2.357499527797167094e+00,1.892618563651177421e+00
2.354522649571193504e+00,1.891758627849326357e+00
2.344024853690988230e+00,1.888726350117850394e+00
2.314388520930596993e+00,1.880166098757334314e+00
2.328854775821134204e+00,1.884344432350887111e+00
2.341937016269130645e+00,1.888123006379202717e+00
2.325528310769013451e+00,1.883383418224749306e+00
2.293540677309606313e+00,1.874144013441842560e+00
2.278835912138050368e+00,1.869896589191783587e+00
2.324680211902615312e+00,1.883138148360141262e+00
2.294350019080663383e+00,1.874377475512758018e+00
2.301480092528184862e+00,1.876436820334725919e+00
2.271056113388118636e+00,1.867649056251148521e+00
2.303911981042428003e+00,1.877139034280877583e+00
2.266947802419677860e+00,1.866462197781470600e+00
2.246297807691180815e+00,1.860497547136202634e+00
2.239829490308320459e+00,1.858629129417804116e+00
2.263256339608068934e+00,1.865395626942055074e+00
2.232121714862517869e+00,1.856402594053563782e+00
2.265515676032281434e+00,1.866047988933518642e+00
2.235563216031701828e+00,1.857396410361120909e+00
2.203212252672924532e+00,1.848052047374930673e+00
2.237383589863991773e+00,1.857921976446768042e+00
2.191645798036258697e+00,1.844710961582397335e+00
2.194909173740557495e+00,1.845653436884509890e+00
2.196810499812321460e+00,1.846202496940600346e+00
2.170123686990095724e+00,1.838494161498339885e+00
2.183595148170918598e+00,1.842385135951618569e+00
2.179616393842681354e+00,1.841235791319783210e+00
2.192595408183755534e+00,1.844984525495284799e+00
2.137913273772795275e+00,1.829190020842937248e+00
2.163798852766423586e+00,1.836666683564350144e+00
2.155853615970922732e+00,1.834371656645480630e+00
2.123697076745254098e+00,1.825083439135131602e+00
2.109490067811667480e+00,1.820979760739806164e+00
2.102052088013807829e+00,1.818831246889891062e+00
2.103057616380906936e+00,1.819121553901707600e+00
2.127793829071037202e+00,1.826266227845626755e+00
2.087912456758710622e+00,1.814746765544173135e+00
2.120899778054715412e+00,1.824274686697218151e+00
2.065474349665965548e+00,1.808265479184513191e+00
2.084808862629778048e+00,1.813849922892379674e+00
2.099309803005918518e+00,1.818038237105443322e+00
2.071621455661060374e+00,1.810040601688517548e+00
2.041833288592593831e+00,1.801436453617537126e+00
2.047577324522459552e+00,1.803095421679221877e+00
2.028813421072523049e+00,1.797675518580414966e+00
2.038181133106034437e+00,1.800381146834290291e+00
2.040403865770577418e+00,1.801023019150400639e+00
2.032264922389289463e+00,1.798672025259714813e+00
2.018742024059680951e+00,1.794765929509055447e+00
2.027918543993516565e+00,1.797416329942464142e+00
2.485902439983877166e+00,1.929700964626005932e+00
1.962193798985451432e+00,1.778432110901553509e+00
1.966429533841628885e+00,1.779655412657401126e+00
1.999639173943800419e+00,1.789247532645329652e+00
1.972468195642140820e+00,1.781399321313737794e+00
1.957923815800336032e+00,1.777198174147581300e+00
1.949450928402651551e+00,1.774750715137732193e+00
1.961726996409824064e+00,1.778296380870570736e+00
1.936849356716496606e+00,1.771110573301861946e+00
1.907947599556702345e+00,1.762762439176069895e+00
1.901174798386324749e+00,1.760806028994870598e+00
1.912681465954569671e+00,1.764129457338471152e+00
1.878437809755491905e+00,1.754238366864930176e+00
1.870233161487286688e+00,1.751868379258895603e+00
1.876736023944831411e+00,1.753746506271379957e+00
1.854311991325421793e+00,1.747269391531800942e+00
1.869911662053987511e+00,1.751775037605047158e+00
1.838283862189284967e+00,1.742639505961806279e+00
1.819422416930944753e+00,1.737191405649563203e+00
1.832921026414923826e+00,1.741090178592228588e+00
1.818920904668607230e+00,1.737046220458928758e+00
1.800771455299898349e+00,1.731803770099659801e+00
1.782595409000074183e+00,1.726553636538633807e+00
1.796845064950098880e+00,1.730669337856666656e+00
1.756341825889616626e+00,1.718970218811634920e+00
1.791164770830127928e+00,1.729028304488659185e+00
1.761188280459007993e+00,1.720369728348641658e+00
1.733532477943725558e+00,1.712381458462362671e+00
1.740433208768888296e+00,1.714374492451875565e+00
1.712980912141667922e+00,1.706445001307525189e+00
1.710970689611297058e+00,1.705864194762466202e+00
1.696335408259753708e+00,1.701636766857481220e+00
1.679809106084799719e+00,1.696863135801205846e+00
1.710918792211058026e+00,1.705848676781682283e+00
1.676486639571097115e+00,1.695903120237109318e+00
1.651053844206470833e+00,1.688556936008979381e+00
1.637521776468499723e+00,1.684648155552361137e+00
1.645463665963525113e+00,1.686941909323878885e+00
1.662691279351401263e+00,1.691917749515843727e+00
1.637747856038598959e+00,1.684712911768474930e+00
1.609058863582923715e+00,1.676426203377695323e+00
1.582960588986686012e+00,1.668887796699058512e+00
1.598200861554941232e+00,1.673289609955711299e+00
1.566309525986278040e+00,1.664077934441195339e+00
1.607033288001520344e+00,1.675840393818459173e+00
1.567046358042419429e+00,1.664290386008675959e+00
1.568477671444387989e+00,1.664703617581896111e+00
1.518382514735121536e+00,1.650233949003423239e+00
1.528934211373231378e+00,1.653281509140930527e+00
1.519006206619071708e+00,1.650413713965525941e+00
1.487803312454193616e+00,1.641400881470525874e+00
1.507001190591586104e+00,1.646945800916927549e+00
1.480858909180214011e+00,1.639394673399677815e+00
1.480775881560076446e+00,1.639370496633949070e+00
1.462594155418940334e+00,1.634118693140967249e+00
1.460753304022127663e+00,1.633586785002813180e+00
1.437041200607464431e+00,1.626737586256795876e+00
1.448855542363534532e+00,1.630149840657806326e+00
1.420881173876796133e+00,1.622069528039291164e+00
1.412615092225050883e+00,1.619681753676381675e+00
1.410103661395700314e+00,1.618956151072421967e+00
1.396809121157348121e+00,1.615115955611223342e+00
1.362672507377167719e+00,1.605255737339932764e+00
1.380397854119227663e+00,1.610375320462414495e+00
1.359478515676739274e+00,1.604332776635991831e+00
1.342079512919247097e+00,1.599307045272878369e+00
1.327932333624142425e+00,1.595220569338415384e+00
1.300474937319975766e+00,1.587289571115005238e+00
1.295843035780299912e+00,1.585951485121807503e+00
1.325471504879502049e+00,1.594509159493785022e+00
1.302067664118877310e+00,1.587748987201337059e+00
1.255793221116414227e+00,1.574382872142714218e+00
1.236331322954584699e+00,1.568761288375197127e+00
1.250262958902109478e+00,1.572785088027352618e+00
1.210093249884192756e+00,1.561182261057966425e+00
1.212962685053879053e+00,1.562010854334869858e+00
1.204679320452021418e+00,1.559618073474224431e+00
1.177505977773864121e+00,1.551769112854728405e+00
1.179952542737079835e+00,1.552475561866374809e+00
1.189154702226669524e+00,1.555133295141398531e+00
1.170716082712691009e+00,1.549807268408975425e+00
1.175716318545507511e+00,1.551251316936201663e+00
1.118940610218900122e+00,1.534852008582437310e+00
1.105465185804245465e+00,1.530959548062744258e+00
1.098519463288049725e+00,1.528953125021813797e+00
1.084415798030933686e+00,1.524879201878824198e+00
1.086428618691775094e+00,1.525460361730130332e+00
1.071734007601667260e+00,1.521215748261347311e+00
1.049568514094983529e+00,1.514813245242064621e+00
1.067695459821779380e+00,1.520048804589598124e+00
1.025223896244607857e+00,1.507781097217320010e+00
1.001972289749067713e+00,1.501064879080954650e+00
9.855625119400615031e-01,1.496324853109755937e+00
1.023688387902868868e+00,1.507336897841950130e+00
9.802837218660518381e-01,1.494799670133103442e+00
9.503917238790223765e-01,1.486165439014706990e+00
9.686405330859462204e-01,1.491436191914783604e+00
9.312805665621100015e-01,1.480644912144202019e+00
9.470117307466470180e-01,1.485188467229608289e+00
9.085917584487726018e-01,1.474091013990742383e+00
9.009107232943034393e-01,1.471872190791122748e+00
8.731774917067745001e-01,1.463861492897469585e+00
8.659802246590118102e-01,1.461782399705318980e+00
8.885954566667728649e-01,1.468314344299397112e+00
8.294218019412114007e-01,1.451222396223147637e+00
8.518369302199348958e-01,1.457696541387732747e+00
8.396257342359041420e-01,1.454169222595852684e+00
8.045654887940671962e-01,1.444042186447956899e+00
7.745472459930989872e-01,1.435371480983842707e+00
7.620902674312470815e-01,1.431773168177548294e+00
7.554325015404381727e-01,1.429849898513151363e+00
7.659524044530053866e-01,1.432888223855135923e+00
7.391236968966190535e-01,1.425138780449889619e+00
7.010365047887888723e-01,1.414137437042013890e+00
7.402757994507835893e-01,1.425471065788381342e+00
7.233566928005846774e-01,1.420583908138519647e+00
6.923513350024984581e-01,1.411628078742645620e+00
6.737695030351493752e-01,1.406260658305993116e+00
6.878352320386816876e-01,1.410323154639093080e+00
6.219631691943695584e-01,1.391296428370535132e+00
6.238043521753177112e-01,1.391827986952534069e+00
6.338161393218281203e-01,1.394719541140487795e+00
5.745817011998478607e-01,1.377610023505122516e+00
6.049580793706591519e-01,1.386383682274948459e+00
5.974525069201919170e-01,1.384215522436245127e+00
5.607993295155948577e-01,1.373628371314220553e+00
5.653003582811064742e-01,1.374928195337327130e+00
5.043971404327054486e-01,1.357336664194455311e+00
5.330659294932642567e-01,1.365617099777467480e+00
5.004544847656703377e-01,1.356197359556135629e+00
4.960333785740937973e-01,1.354920112571706303e+00
4.680394994386646856e-01,1.346834108114130846e+00
4.591572436524021805e-01,1.344268301929966825e+00
4.207600996539496152e-01,1.333177418441489293e+00
4.350479369686307551e-01,1.337304057793396783e+00
4.281967970446373117e-01,1.335324916937635997e+00
3.860217713923628224e-01,1.323142828665392567e+00
3.701759885271743711e-01,1.318565674990904046e+00
3.878258079290264337e-01,1.323663386303352008e+00
3.523139513405554313e-01,1.313405885079213409e+00
3.135336486169687520e-01,1.302204325659146456e+00
3.278913409445973759e-01,1.306351137538654505e+00
3.082957453370051004e-01,1.300690885322032031e+00
3.070644489359983798e-01,1.300334974408620115e+00
2.971833972159609316e-01,1.297480668636398660e+00
2.902193881697812672e-01,1.295468920510161936e+00
2.777203984922729241e-01,1.291858448668453008e+00
2.530762708844766506e-01,1.284739976099127157e+00
2.118810398255257521e-01,1.272840884270456829e+00
2.335837837812643203e-01,1.279109235178211179e+00
1.694048275855011831e-01,1.260571525863986686e+00
1.888617846252453325e-01,1.266191202803610416e+00
1.588665269289805670e-01,1.257527107588485515e+00
1.447433887236385108e-01,1.253447512836515232e+00
1.277651643862673381e-01,1.248543254797338964e+00
8.637606098391070741e-02,1.236588160912048817e+00
8.106966881097044109e-02,1.235055192318963879e+00
9.001843752667504361e-02,1.237639682083167436e+00
6.487785015376279496e-02,1.230377805908133393e+00
6.291709225952468731e-02,1.229811188269894107e+00
3.396049134330425545e-02,1.221447094137196432e+00
4.620414295331554122e-02,1.224983275312714559e+00
2.454820711443661541e-02,1.218727903316441541e+00
-3.140471335682082366e-02,1.202566193999377475e+00
-1.371935897770293344e-02,1.207674154357100571e+00
-2.808695751052803224e-02,1.203523943247094108e+00
-3.100959801755109879e-02,1.202679491885794816e+00
-6.077845377248747294e-02,1.194080782527982665e+00
-7.053258103712900517e-02,1.191263124368013404e+00
-7.946332769758079895e-02,1.188683290861919817e+00
-1.432733183769107077e-01,1.170252142811569307e+00
-1.151258729807504988e-01,1.178381968727788554e+00
-1.506481243481415655e-01,1.168121446825723053e+00
-1.396766989158708672e-01,1.171290152296346809e+00
-1.561932824493199590e-01,1.166519224183403258e+00
-1.963135696935280894e-01,1.154930604740511235e+00
-1.953640704813148776e-01,1.155204576868268163e+00
-2.041353956716225326e-01,1.152670786816382797e+00
-2.422092528342050244e-01,1.141673256598310093e+00
-2.567977928495829287e-01,1.137459222025404726e+00
-2.587319983092358777e-01,1.136900263430913327e+00
-2.878115400969194493e-01,1.128500648806832762e+00
-2.997738157218288180e-01,1.125045182783393605e+00
-3.432300917980430910e-01,1.112492993132370600e+00
-3.373052276802115390e-01,1.114204045473528248e+00
-3.785783987157917974e-01,1.102282422756482250e+00
-3.965492362410578675e-01,1.097091442745802503e+00
-3.943545449184261420e-01,1.097725071175661204e+00
-3.891429740204332965e-01,1.099230094317119377e+00
-4.409804899194784689e-01,1.084257065881443438e+00
-4.594204431474615546e-01,1.078930584912306090e+00
-4.399605507957029538e-01,1.084551090252580563e+00
-4.805544547783864306e-01,1.072825664098948417e+00
-4.646806283755280376e-01,1.077410369813611268e+00
-5.236450395492882048e-01,1.060378807865162365e+00
-5.141121735995008990e-01,1.063131990585609810e+00
-5.359668125294820840e-01,1.056819209907337020e+00
-5.418478442462855149e-01,1.055120243590806917e+00
-5.829492222023429093e-01,1.043248236461240763e+00
-6.147413465706306201e-01,1.034065112626658234e+00
-6.341504376718498648e-01,1.028458702234068323e+00
-6.109644056337080187e-01,1.035155461588084025e+00
-6.155202280625311495e-01,1.033839266786450217e+00
-6.465860355187136310e-01,1.024865930850531681e+00
-6.666891431072201613e-01,1.019059059452800620e+00
-6.731542756744979261e-01,1.017191378742432262e+00
-6.788637839768796312e-01,1.015541952126168157e+00
-6.993865519557980193e-01,1.009613865098054841e+00
-7.572871223723534051e-01,9.928895779244396591e-01
-7.327656354959861673e-01,9.999720672687939516e-01
-7.617156844208590183e-01,9.916098445245429271e-01
-8.148431566228724332e-01,9.762642175327812533e-01
-8.153634254917250246e-01,9.761136483459946778e-01
-8.306325552441593540e-01,9.717030197166062200e-01
-8.295414178785027737e-01,9.720178883316684670e-01
-8.692298414735779577e-01,9.605539933253756102e-01
-8.489364806009922493e-01,9.664152292463942251e-01
-8.872066783648455690e-01,9.553609738683984665e-01
-9.350236410406977949e-01,9.415492318296558860e-01
-9.401050071164738231e-01,9.400812339640889359e-01
-9.138774033459575730e-01,9.476565148193498711e-01
-9.841433375293660024e-01,9.273606138639715057e-01
-9.883150225775001463e-01,9.261553674045478468e-01
-9.875824558640151629e-01,9.263666641774830346e-01
-1.011168343016305204e+00,9.195538215110096170e-01
-1.004206729871076398e+00,9.215643148207592894e-01
-1.030205041014487621e+00,9.140546674539080652e-01
-1.059698083704708527e+00,9.055356020406549744e-01
-1.100363223043621108e+00,8.937895894002798602e-01
-1.086066065348473719e+00,8.979188796247117299e-01
-1.110924699908173885e+00,8.907384154567099532e-01
-1.152497079802055735e+00,8.787303549566939376e-01
-1.166053075972548703e+00,8.748145430712132020e-01
-1.170466319160012869e+00,8.735395226381985623e-01
-1.195152728722421065e+00,8.664088031559614711e-01
-1.183198060365010962e+00,8.698614879083242934e-01
-1.237219026095355723e+00,8.542577785038130145e-01
-1.218702858972396275e+00,8.596056854090446953e-01
-1.218991031330130426e+00,8.595221490644922024e-01
-1.246499003709035769e+00,8.515764488944104205e-01
-1.277868653402399968e+00,8.425153421759823402e-01
-1.278232190887734099e+00,8.424100369250675513e-01
-1.325782391054582732e+00,8.286753417247920694e-01
-1.319071021858917891e+00,8.306135513691655925e-01
-1.375245775007192028e+00,8.143877410888780144e-01
-1.353036963975254414e+00,8.208022296618161517e-01
-1.402132127463204814e+00,8.066212869400742891e-01
-1.400702576897242757e+00,8.070338962595370313e-01
-1.415454418522494429e+00,8.027726741530850640e-01
-1.460483994025713272e+00,7.897660350378256089e-01
-1.445968841183487896e+00,7.939582877916152581e-01
-1.494463604969466619e+00,7.799507639326592745e-01
-1.475894232573809806e+00,7.853140367824023027e-01
-1.511030297442417680e+00,7.751650376982260893e-01
-1.532361603713449760e+00,7.690034033034438554e-01
-1.536020605841431852e+00,7.679462349802161913e-01
-1.569314360913933282e+00,7.583293682193945617e-01
-1.549757153122390818e+00,7.639779669724049427e-01
-1.576486047653316902e+00,7.562572936051388250e-01
-1.626190984717488686e+00,7.419002229078083266e-01
-1.610281457722559040e+00,7.464952258463407597e-01
-1.667589421025044594e+00,7.299420979113050434e-01
-1.663061262547234520e+00,7.312497077069057827e-01
-1.700270543717646632e+00,7.205018805735805554e-01
-1.698743837920955624e+00,7.209425511012690357e-01
-1.689116553618774663e+00,7.237229917067831142e-01
-1.725358907593493640e+00,7.132544516594132578e-01
-1.741804130533181727e+00,7.085041124860346207e-01
-1.778481838113113334e+00,6.979098249544859467e-01
-1.764294856899300434e+00,7.020072878462212396e-01
-1.789085499851445604e+00,6.948464586101250617e-01
-1.830926303098994623e+00,6.827608632024557700e-01
-1.858405537695841048e+00,6.748234615301568207e-01
-1.860996747095957637e+00,6.740747140048382047e-01
-1.870347792756323013e+00,6.713734562454908295e-01
-1.866769847982534536e+00,6.724066065234863832e-01
-1.918049405302062471e+00,6.575947227318337251e-01
-1.905348597059882909e+00,6.612629198626041038e-01
-1.907648579560103475e+00,6.605982905089911039e-01
-1.981010714400448514e+00,6.394080779307040885e-01
-1.951550570273482776e+00,6.479170397528009051e-01
-1.978361221652097601e+00,6.401727520390261272e-01
-2.012400622571066666e+00,6.303405132823158841e-01
-2.042313623133972467e+00,6.217001435791091879e-01
-2.032963245672387398e+00,6.244006032163538222e-01
-2.068565173377672206e+00,6.141170446889792078e-01
-2.067836478439577963e+00,6.143272188120261212e-01
-2.108454908521987470e+00,6.025946945690767720e-01
-2.079734425026671829e+00,6.108900136563435446e-01
-2.100632517093352192e+00,6.048535096381915110e-01
-2.147478395680827656e+00,5.913222502975306050e-01
-2.184575953818976402e+00,5.806066947596495442e-01
-2.197563307022787793e+00,5.768551279674991594e-01
-2.221074943160536996e+00,5.700637287371521644e-01
-2.193068124465439084e+00,5.781529137726417744e-01
-2.207362535661781866e+00,5.740238169547364766e-01
-2.271503755112278533e+00,5.554969743686684058e-01
-2.244078792308215053e+00,5.634180966978441507e-01
-2.250871003069844889e+00,5.614559350194112675e-01
-2.283722659751747930e+00,5.519667663826113291e-01
-2.300387168969055374e+00,5.471530915981388521e-01
-2.355832121867992512e+00,5.311380784476582573e-01
-2.365352094509818759e+00,5.283880311044779621e-01
-2.388614259403183837e+00,5.216686908511531939e-01
-2.365361380309070505e+00,5.283847503514429444e-01
-2.405242438546127737e+00,5.168652114168235112e-01
-2.405952144624384115e+00,5.166599212083295978e-01
-2.406339229814302705e+00,5.165478169993404922e-01
-2.461342913935192556e+00,5.006602613420998438e-01
-2.491762636962683963e+00,4.918735341981765874e-01
-2.464776316932114408e+00,4.996679616660337775e-01
-2.509515078631204599e+00,4.867453256486085067e-01
-2.502810408038899315e+00,4.886816044985420326e-01
-2.529823297492284073e+00,4.808789077342103813e-01
-2.571509716156147096e+00,4.688379108709852527e-01
-2.555805051543090123e+00,4.733737476669941380e-01
-2.585520588944072440e+00,4.647904192081691033e-01
-2.628701726757640245e+00,4.523176886722377610e-01
-2.591421394756830754e+00,4.630854394051979739e-01
-2.647182872340680504e+00,4.469790056634348474e-01
-2.653689017888977375e+00,4.450994762280455763e-01
-2.649591063067307406e+00,4.462828341338738181e-01
-2.698610532317797794e+00,4.321237621528093431e-01
-2.696819981522658338e+00,4.326406503878703624e-01
-2.691830656216076534e+00,4.340814725769617244e-01
-2.720853291590689338e+00,4.256982845779060387e-01
-2.727454152249293884e+00,4.237913995445454773e-01
-2.748160773519423117e+00,4.178102086991926090e-01
-2.811431972584207184e+00,3.995346708144282832e-01
-2.814992125727965533e+00,3.985060643927555990e-01
-2.840938231689362325e+00,3.910115024843536791e-01
-2.837120754658260857e+00,3.921138505645394012e-01
-2.876133113945745112e+00,3.808452343892216874e-01
-2.849836675256049112e+00,3.884404037112687558e-01
-2.904081517119776024e+00,3.727720399036413834e-01
-2.880392329123254491e+00,3.796141320195933755e-01
-2.923148151605203804e+00,3.672642559213770141e-01
-2.946324670395616963e+00,3.605696638735387261e-01
-2.962373945177649404e+00,3.559337045040074088e-01
-2.975165203828049609e+00,3.522387905174890754e-01
-2.975778624498182534e+00,3.520613221586377239e-01
-2.974706088467033105e+00,3.523708257430562263e-01
-3.010650418460350863e+00,3.419883827501633000e-01
-3.049244037104353211e+00,3.308407199811558286e-01
-3.030243100412950863e+00,3.363286618831644592e-01
-3.079414065825287761e+00,3.221258404597142633e-01
-3.062591479584572340e+00,3.269845887757913960e-01
-3.118290183168674012e+00,3.108962971668742803e-01
-3.085501002553165506e+00,3.203668355379536425e-01
-3.138157914383274516e+00,3.051571356061288931e-01
-3.129512107696605483e+00,3.076541057743686913e-01
-3.167187708879902974e+00,2.967716067021266557e-01
-3.200806183940088534e+00,2.870609679190385677e-01
-3.212519155527224335e+00,2.836775125357675620e-01
-3.230119489937633759e+00,2.785935524966069998e-01
-3.219361646917120900e+00,2.817005654162176853e-01
-3.256659321670952068e+00,2.709272290339941325e-01
-3.239690362442328109e+00,2.758282610060525109e-01
-3.270909072837608011e+00,2.668107729639168646e-01
-3.285057345360813841e+00,2.627239086063346551e-01
-3.286695492887753201e+00,2.622504677323771460e-01
-3.291965280719756137e+00,2.607280648558103486e-01
-3.349555216291769888e+00,2.440935175204068663e-01
-3.348501886837662145e+00,2.443974841427871691e-01
-3.353383743614260837e+00,2.429871328596964197e-01
-3.391970537871108693e+00,2.318414521626492864e-01
-3.378332033556066261e+00,2.357805208042149658e-01
-3.396470004798136877e+00,2.305412767465000456e-01
-3.403102480449371914e+00,2.286252791851588473e-01
-3.460346043504415992e+00,2.120907819810939898e-01
-3.461562008922386635e+00,2.117392897299554821e-01
-3.476065892524737411e+00,2.075497174258604804e-01
-3.468477248814843872e+00,2.097413485731873806e-01
-3.497986492274296477e+00,2.012176311839992682e-01
-3.498736083656678542e+00,2.010008487496053320e-01
-3.513874534697875252e+00,1.966279904858339034e-01
-3.567304234575578992e+00,1.811950932663770608e-01
-3.560125148673326745e+00,1.832684308559751063e-01
-3.599559376529251953e+00,1.718779852991927370e-01
-3.613298725363605524e+00,1.679092460555675625e-01
-3.636931608019363882e+00,1.610828603695180217e-01
-3.601594615880531425e+00,1.712893266690318494e-01
-3.625232882791986189e+00,1.644613870965407898e-01
-3.648097349688852464e+00,1.578569524836397342e-01
-3.663140548206459624e+00,1.535116127262565744e-01
-3.684940790853554748e+00,1.472145698491758026e-01
-3.682424667043055155e+00,1.479410639264611138e-01
-3.734549430080703392e+00,1.328850916904193991e-01
-3.746387692112476575e+00,1.294654681065132706e-01
-3.750461729566708424e+00,1.282884628816605144e-01
-3.752247910914377815e+00,1.277722824300571158e-01
-3.783320041153068747e+00,1.187971528292854906e-01
-3.787644497968775337e+00,1.175478186195775265e-01
-3.815695143944582757e+00,1.094454155845205889e-01
-3.805514613518659939e+00,1.123857015309295271e-01
-3.831552774470535550e+00,1.048645858686358956e-01
-3.854373786447748085e+00,9.827271185015984400e-02
-3.842597093264942476e+00,1.016740354460894391e-01
-3.877296140392802126e+00,9.165131270563264820e-02
-3.921610868616388412e+00,7.885119857629985241e-02
-3.929480310579566815e+00,7.657793717442151760e-02
-3.912787224414479237e+00,8.139931411722289845e-02
-3.942339855865873322e+00,7.286308447233369456e-02
-3.943305026008464775e+00,7.258405438493542583e-02
-3.976262057653120241e+00,6.306449975696337695e-02
-3.964206194298759645e+00,6.654646493182880818e-02
-3.971003338063848087e+00,6.458293065098241748e-02
-3.990499871808018018e+00,5.895130693318884063e-02
-4.012817222795042937e+00,5.250491951052382866e-02
-4.032651658938057437e+00,4.677569770806133675e-02
-4.078822301409056550e+00,3.343953013851486133e-02
-4.077606173940528933e+00,3.379055214872606072e-02
-4.092685748094112341e+00,2.943472653942857953e-02
-4.081409786603758860e+00,3.269143140960450999e-02
-4.087326840993602772e+00,3.098210853189242719e-02
-4.117608594342035744e+00,2.223528985890088627e-02
-4.124634099358580386e+00,2.020580391800486098e-02
-4.123554944833687230e+00,2.051726768349015906e-02
-4.142561767203142509e+00,1.502710122143069427e-02
-4.167186404275225797e+00,7.914286714134410872e-03
-4.169165556612201229e+00,7.342392078796500243e-03
-4.227052362879021530e+00,-9.377861529701769783e-03
-4.193712030054443929e+00,2.519213013032484128e-04
-4.241801957361868602e+00,-1.363860124697602316e-02
-4.226747769608390826e+00,-9.290584530561751819e-03
-4.261112237556291760e+00,-1.921664532067879350e-02
-4.258141846345296244e+00,-1.835890911611492982e-02
-4.282991396609805435e+00,-2.553668046344292897e-02
-4.267224504159306875e+00,-2.098280261725204987e-02
-4.301867651760513667e+00,-3.098935358943633034e-02
-4.300953051200707478e+00,-3.072540806646162359e-02
-4.330224790048223582e+00,-3.918048016001685063e-02
-4.315482926592508761e+00,-3.492266788392273114e-02
-4.330042202987396394e+00,-3.912819228344255329e-02
-4.369772375520595276e+00,-5.060407427062996177e-02
-4.397357245571566153e+00,-5.857190764884179224e-02
-4.398681245665084560e+00,-5.895455365022339578e-02
-4.432502776445875980e+00,-6.872378144003743472e-02
-4.394938800029235537e+00,-5.787402720672041312e-02
-4.456567347771397181e+00,-7.567502841181861228e-02
-4.444347621721599140e+00,-7.214570238506556876e-02
-4.454012744059188122e+00,-7.493759228395191485e-02
-4.464227137582730265e+00,-7.788813262489968636e-02
-4.487038760402594306e+00,-8.447725413236062408e-02
-4.510398095602480950e+00,-9.122457582632170769e-02
-4.500790720275347212e+00,-8.844979593685176056e-02
-4.512424049733803955e+00,-9.181017758920750893e-02
-4.509682078020283313e+00,-9.101839802525235612e-02
-4.567758266227677666e+00,-1.077933272362776584e-01
-4.550136817124780464e+00,-1.027037592397408439e-01
-4.565247539150725231e+00,-1.070685464812184406e-01
-4.590452870812930186e+00,-1.143490584957218559e-01
-4.616090106124318027e+00,-1.217543204767492782e-01
-4.605769169013177233e+00,-1.187734273502698557e-01
-4.616224295640797948e+00,-1.217934888628655621e-01
-4.631293739827219369e+00,-1.261463482430675853e-01
-4.622882174229381746e+00,-1.237169546131329234e-01
-4.654474371947706857e+00,-1.328422419737580462e-01
-4.651529835826771375e+00,-1.319919423465378827e-01
-4.667843986719928395e+00,-1.367043184282734636e-01
-4.692900677470811743e+00,-1.439418875708593504e-01
-4.684007971707703888e+00,-1.413735161512152949e-01
-4.678454444082776220e+00,-1.397696314522751670e-01
-4.737959305757739159e+00,-1.569572027829404526e-01
-4.707608678194985075e+00,-1.481909246332211438e-01
-4.721743958529000196e+00,-1.522739495209273208e-01
-4.727055918746184915e+00,-1.538084466191711464e-01
-4.748446475694379387e+00,-1.599870825036919797e-01
-4.769501962528423178e+00,-1.660689356694424745e-01
-4.804171841796755160e+00,-1.760831671477927074e-01
-4.801317732251272119e+00,-1.752589732230038777e-01
-4.795830653171853086e+00,-1.736742715811216975e-01
-4.821090311155368013e+00,-1.809704525398827535e-01
-4.822603086544049233e+00,-1.814075857365806677e-01
-4.855961152235330758e+00,-1.910429075062904936e-01
-4.833992506297219549e+00,-1.846976675944236312e-01
-4.829229885943600920e+00,-1.833222128367406611e-01
-4.869177544785419087e+00,-1.948608684377255429e-01
-4.869547773317627559e+00,-1.949679828104882162e-01
-4.859592431058391782e+00,-1.920926594335092830e-01
-4.908793443552760039e+00,-2.063040490777403591e-01
-4.876227096798764649e+00,-1.968977636265458742e-01
-4.908783748652178147e+00,-2.063015958597107513e-01
-4.946104395014518929e+00,-2.170814584987135198e-01
-4.919723657912488335e+00,-2.094618202382658723e-01
-4.956980981925905638e+00,-2.202233904871357950e-01
-4.972381573910030994e+00,-2.246718637694584686e-01
-4.982129879511605353e+00,-2.274877301559294906e-01
-4.951182030459788663e+00,-2.185489230676447292e-01
-4.965554741416649875e+00,-2.227004997179689028e-01
-5.000782543379914458e+00,-2.328758570636115799e-01
-4.969279437052346537e+00,-2.237766659025064442e-01
-5.154764605551331869e+00,-2.773365375757665952e-01
-4.999510308261713831e+00,-2.325088676840505464e-01
-5.007738493561337378e+00,-2.348856542098194389e-01
-5.004943893639030250e+00,-2.340786195842565753e-01
-5.068130639461390530e+00,-2.523296274616213530e-01
-5.068539428951794434e+00,-2.524478569606336542e-01
-5.056203480243246062e+00,-2.488848966105656757e-01
-5.081649354258450657e+00,-2.562348320110352518e-01
-5.088678081217087978e+00,-2.582651596814340422e-01
-5.058485446937337926e+00,-2.495444727203874891e-01
-5.066707778677848495e+00,-2.519195585285300965e-01
-5.165225486652568421e+00,-2.803676471703395734e-01
-5.118368382949016748e+00,-2.668414943216284030e-01
-5.123827642665688131e+00,-2.684184909371825078e-01
-5.117456230037047860e+00,-2.665783163379100706e-01
-5.152964720220406747e+00,-2.768347264010517783e-01
-5.161987161463645890e+00,-2.794409080791631084e-01
-5.125581811654498665e+00,-2.689257309206039004e-01
-5.180222968076623857e+00,-2.847084140590627754e-01
-5.159636746145221053e+00,-2.787624292445469720e-01
-5.155367948918634369e+00,-2.775295660590750835e-01
-5.168659564667956730e+00,-2.813688490770176465e-01
-5.190183611668775399e+00,-2.875859852074866829e-01
-5.218724690157165114e+00,-2.958299185290957922e-01
-5.198894807516952099e+00,-2.901023881052688935e-01
-5.196749538228859322e+00,-2.894828778902334143e-01
-5.220536202504275636e+00,-2.963535428292520812e-01
-5.243870221129784071e+00,-3.030934643236888881e-01
-5.228374421259490035e+00,-2.986177845142830023e-01
-5.223685219984570693e+00,-2.972634799669315875e-01
-5.228248963734770882e+00,-2.985817935728261041e-01
-5.047494680987449911e+00,-2.463483981323766336e-01
-5.287036354871821331e+00,-3.155621771618868365e-01
-5.290727842745626575e+00,-3.166285444374099534e-01
-5.291510757931353837e+00,-3.168547985797727229e-01
-5.285888807741843110e+00,-3.152310708381560467e-01
-5.276210728370379854e+00,-3.124357698802278094e-01
-5.273447068260630033e+00,-3.116376275570682530e-01
-5.285338078858400124e+00,-3.150723371346879631e-01
-5.295096019552994804e+00,-3.178909296890259917e-01
-5.339811095605583091e+00,-3.308065355139042651e-01
-5.076576975179863283e+00,-2.547496602944687716e-01
-5.350915494955573948e+00,-3.340141422765059431e-01
-5.324619910356224395e+00,-3.264190335048535729e-01
-5.337058449200295485e+00,-3.300118827605382776e-01
-5.347513080115795958e+00,-3.330316988976744774e-01
-5.344959919922496638e+00,-3.322943448592465820e-01
-5.347663311406217090e+00,-3.330752911516787762e-01
-5.344850630165481675e+00,-3.322629742725595747e-01
-5.387791696244537576e+00,-3.446661626950215940e-01
-5.384890637199390540e+00,-3.438283159545347800e-01
-6.107342118625844307e+00,-5.524782704967030611e-01
-5.374408008436773798e+00,-3.408007000905333150e-01
-5.411600784063235636e+00,-3.515435473282737533e-01
-5.405331416919120002e+00,-3.497327931980422910e-01
-5.393184578933979623e+00,-3.462243896852879033e-01
-5.421644370359107512e+00,-3.544447985505674303e-01
-5.422330135472750001e+00,-3.546429596545102036e-01
-5.422988493827993750e+00,-3.548332031517440477e-01
-5.428252560744446953e+00,-3.563537574945723208e-01
-5.414476125347690072e+00,-3.523746540572001429e-01
-5.404293094519147189e+00,-3.494334676989718780e-01
-5.404274896668272987e+00,-3.494282889852513563e-01
-5.173475890366164620e+00,-2.827432025280471883e-01
-5.448855478283526566e+00,-3.623050893874766309e-01
-5.454285075438219721e+00,-3.638734467258344374e-01
-6.222344599073959870e+00,-5.856921653905335923e-01
-5.425523924708988588e+00,-3.555662214401977828e-01
-5.449620189788221936e+00,-3.625262524209875714e-01
-5.453912886365698043e+00,-3.637662216502732804e-01
-5.487811187547457337e+00,-3.735574685702975906e-01
-5.656399911566849070e+00,-4.222368766777644389e-01
-5.207573357790280966e+00,-2.925925295254714342e-01
-5.495893629776585243e+00,-3.758921886839989845e-01
-5.214872466619654645e+00,-2.947009244183229626e-01
-5.457433654934622069e+00,-3.647835325274919605e-01
-5.295733002192170247e+00,-3.180535210053232476e-01
-5.505027890616146280e+00,-3.785307579022858526e-01
-5.467219951095602326e+00,-3.676103711935443386e-01
-5.505045010475356548e+00,-3.785358090220678484e-01
-5.517493982167790634e+00,-3.821316193157207053e-01
-5.470408694151940310e+00,-3.685315598925651415e-01
-5.478695854923953945e+00,-3.709252702114382849e-01
-5.262712124769375777e+00,-3.085193965011301387e-01
-5.123593783983086070e+00,-2.683476838825007427e-01
-5.485710609929547843e+00,-3.729515455550211911e-01
-5.282333515308204497e+00,-3.141837006013803446e-01
-5.537285742250992016e+00,-3.878485823620083650e-01
-6.274630763556439561e+00,-6.007989606944232897e-01
-5.508416447299797625e+00,-3.795100546361100946e-01
-5.511380336849617478e+00,-3.803661797549873214e-01
-5.498588414027558713e+00,-3.766713964420231875e-01
-5.548215250465336368e+00,-3.910056382902387107e-01
-5.546900914866913723e+00,-3.906260367707456993e-01
-5.058530361746214510e+00,-2.495644078453747028e-01
-5.516630229748708203e+00,-3.818827132187707640e-01
-5.504337987595881998e+00,-3.783322498911547704e-01
-5.523605592226358496e+00,-3.838975272521656379e-01
-5.555978111047327417e+00,-3.932480248533316569e-01
-4.959328533472111999e+00,-2.209189893493053169e-01
-5.559344188943720511e+00,-3.942203242513868666e-01
-6.291882708538585334e+00,-6.057823731307458992e-01
-6.311821310434959642e+00,-6.115381877451433468e-01
-4.990656808562748736e+00,-2.299679157189986611e-01
-5.529339849907588089e+00,-3.855539396959297704e-01
-4.968100298379452440e+00,-2.234527223565709875e-01
-5.527883161010397117e+00,-3.851332129642117685e-01
-5.560758161365372487e+00,-3.946288331954077577e-01
-4.986364961769321980e+00,-2.287283130592112634e-01
-5.213826692242427896e+00,-2.944046335948500293e-01
-6.295507482240388697e+00,-6.068294491813470692e-01
-4.957378260670379788e+00,-2.203558113040560151e-01
-4.972087022626416442e+00,-2.246042895930391303e-01
-5.562510133259179312e+00,-3.951348945940016399e-01
-4.990190192797783197e+00,-2.298332048827189666e-01
-4.990616555109117058e+00,-2.299563518680991514e-01
-4.958061736679438170e+00,-2.205532171002935193e-01
-4.964121590686438878e+00,-2.223035379488687013e-01
-5.558349857475198164e+00,-3.939332158351405155e-01
-4.985258288270619786e+00,-2.284086410163257419e-01
-4.955657509453489595e+00,-2.198587443085457949e-01
-4.971949139705841958e+00,-2.245644037585861064e-01
-4.964693931959354600e+00,-2.224687958351623251e-01
-5.004105297716497702e+00,-2.338523536256182922e-01
-4.999056317987168541e+00,-2.323939891248345546e-01
-6.221540537858043507e+00,-5.854693579553940097e-01
-6.306454932558009929e+00,-6.099880989831194533e-01
-5.608661559740683700e+00,-4.084571944892947393e-01
-4.996905759771362199e+00,-2.317727348102889273e-01
-5.605512333003883185e+00,-4.075475221196782627e-01
-4.943407691304010143e+00,-2.163203060031486658e-01
-4.949988885801657190e+00,-2.182211883216740311e-01
-5.582772720024872015e+00,-4.009793278624980140e-01
-5.715963271625449593e+00,-4.394421367894101316e-01
-5.056932195104527850e+00,-2.491026823958599756e-01
-5.326427653504744342e+00,-3.269153426338951007e-01
-6.147776767444533164e+00,-5.641677550883681391e-01
-5.575528309077094846e+00,-3.988866753243840435e-01
-5.696027897997755218e+00,-4.336838200598625015e-01
-6.147003062083856051e+00,-5.639441568702592278e-01
-5.264681041412144324e+00,-3.090848922083568873e-01
-5.504525616429873480e+00,-3.783859961404765215e-01
-5.565090048191846606e+00,-3.958714709967390277e-01
-6.136380139492636943e+00,-5.608756487896933152e-01
-5.686174329893097124e+00,-4.308374400115173586e-01
-5.033840803606894454e+00,-2.424324873235832456e-01
-5.000618745589987313e+00,-2.328365787555957134e-01
-5.673294056007989639e+00,-4.271169429700671927e-01
-5.550651089450976627e+00,-3.917006081767384629e-01
-5.016330057932073316e+00,-2.373744621436038038e-01
-5.663392684293436119e+00,-4.242568569617573004e-01
-5.537124687118401667e+00,-3.877934638675459844e-01
-4.982821719587068543e+00,-2.276957330011226688e-01
-5.445140187496324558e+00,-3.612324454383859518e-01
-5.481259013241546185e+00,-3.716649360697887872e-01
-6.011462269951517001e+00,-5.248015780283057374e-01
-5.466636351260151017e+00,-3.674411902204477443e-01
-5.451356730466075717e+00,-3.630277549944516124e-01
-6.028325239978677530e+00,-5.296720618630010868e-01
-5.451767841156920369e+00,-3.631463523373521518e-01
-5.582867143619465011e+00,-4.009971798697065104e-01
-5.594115651550753299e+00,-4.042461194927975399e-01
-5.591413553525438118e+00,-4.034655661742196919e-01
-5.212425831858150005e+00,-2.939900487799089746e-01
-5.592253416539003652e+00,-4.037079878514617803e-01
-5.436761866405239729e+00,-3.588115455546256882e-01
-5.428571195713287167e+00,-3.564456670068532063e-01
-5.421376137132867257e+00,-3.543673592922496063e-01
-5.412858019755224959e+00,-3.519068977921149255e-01
-5.377857787433647729e+00,-3.417973438423040911e-01
-5.551207329296312665e+00,-3.918517088423314476e-01
-5.401188171480008293e+00,-3.485359017867759590e-01
-5.391644155142879313e+00,-3.457791131699550213e-01
-5.955769324871445392e+00,-5.087137266860350948e-01
-5.379098412591634570e+00,-3.421552052625891349e-01
-5.889237311418655807e+00,-4.894964276767588274e-01
-5.375470410353107908e+00,-3.411070897714565398e-01
-5.335623914169389082e+00,-3.295977283859228280e-01
-5.357381221524658343e+00,-3.358820003423623746e-01
-5.331806569428252374e+00,-3.284949133400636434e-01
-5.324042110807889472e+00,-3.262521187688611768e-01
-5.313984250686083044e+00,-3.233468967434318664e-01
-5.901192384934265789e+00,-4.929487760405888430e-01
-5.458305984362471719e+00,-3.650167391937535477e-01
-5.290230883312553090e+00,-3.164856343035293840e-01
-5.320474195056643651e+00,-3.252209911795431729e-01
-5.871624307201237514e+00,-4.844078692424496069e-01
-5.296267501371652031e+00,-3.182288927372840526e-01
-5.857110907860104021e+00,-4.802155774437539826e-01
-5.278659036419192319e+00,-3.131426192758204330e-01
-5.242925318191621997e+00,-3.028211707428800636e-01
-5.239536839274951063e+00,-3.018423154829568134e-01
-5.259008956600299101e+00,-3.074665103661669008e-01
-5.221861796964125446e+00,-2.967367986529545476e-01
-5.221095048034030128e+00,-2.965151986202751999e-01
-5.205346503841248307e+00,-2.919662570529690804e-01
-5.237391176885449084e+00,-3.012219007930596604e-01
-5.222813902749681603e+00,-2.970112654353749271e-01
-5.180103765576308916e+00,-2.846747357559604730e-01
-5.209945556718134085e+00,-2.932940944292736773e-01
-5.175770300328014883e+00,-2.834227753735598654e-01
-5.760650372667624808e+00,-4.523521862868040699e-01
-5.156091687759218445e+00,-2.777385179708322660e-01
-5.171850667568929083e+00,-2.822901925957905789e-01
-5.171992630537900482e+00,-2.823310483693499684e-01
-5.146255172577594905e+00,-2.748968937653506472e-01
-5.146303947741989404e+00,-2.749108299075202488e-01
-5.146829310590051776e+00,-2.750624219397046488e-01
-5.124541999211231769e+00,-2.686248023346871072e-01
-4.749346144645361534e+00,-1.602364565049207989e-01
-5.092256897642192470e+00,-2.592992619970790891e-01
-5.100795527082746972e+00,-2.617653984184205029e-01
-5.088641647876389840e+00,-2.582547115698732298e-01
-4.732884644948050834e+00,-1.554730680264309051e-01
-5.047009637089864498e+00,-2.462293980655676506e-01
-5.077880007204349511e+00,-2.551458251727782844e-01
-5.024874822354608028e+00,-2.398356457352082138e-01
-5.562140156262138646e+00,-3.950119953303108389e-01
-5.018259384041101612e+00,-2.379245016578912519e-01
-5.007525696451375907e+00,-2.348240113768951254e-01
-5.019361782844695696e+00,-2.382425701954433706e-01
-4.989256601981045591e+00,-2.295468169466712283e-01
-4.970990098606824503e+00,-2.242705442167292063e-01
-4.982077589257755790e+00,-2.274728738674238748e-01
-4.943982220826335094e+00,-2.164692309679669968e-01
-4.934485178862949795e+00,-2.137259235281030456e-01
-4.959640701888705649e+00,-2.209916570543772885e-01
-4.948394841163548108e+00,-2.177432177875200381e-01
-4.908269186469066625e+00,-2.061531407906227464e-01
-4.931680566154042822e+00,-2.129150913281754320e-01
-4.903525900801774640e+00,-2.047827101877452982e-01
-4.892319943763572709e+00,-2.015457902496615716e-01
-4.894391342057453187e+00,-2.021438983745080797e-01
-4.871816196558320655e+00,-1.956231002339103853e-01
-4.885631636220370666e+00,-1.995638074092842551e-01
-4.989373908982432937e+00,-2.295622563181951570e-01
-4.851588963233544050e+00,-1.897800713157455910e-01
-4.826889078576632741e+00,-1.826455573703009705e-01
-4.829491675772018766e+00,-1.833970873060719597e-01
-4.804625323880456378e+00,-1.762144877906663964e-01
-4.771316538084237280e+00,-1.665933751164572207e-01
-4.766349740590781536e+00,-1.651585572433265092e-01
-4.768904993853780638e+00,-1.658964059888523579e-01
-5.420450325975734174e+00,-3.540734330818735565e-01
-4.744929794001079060e+00,-1.589709868837791973e-01
-4.719325787541555073e+00,-1.515753137745359247e-01
-4.686390306612732815e+00,-1.420620169036532765e-01
-4.726424601642206014e+00,-1.536252995087981077e-01
-4.708107874485877531e+00,-1.483344785079134809e-01
-4.665080150582843643e+00,-1.359061346876964116e-01
-4.653343253593440920e+00,-1.325158278656735078e-01
-4.628004619686695520e+00,-1.251967954627879465e-01
-4.633129864884862670e+00,-1.266769445596289678e-01
-4.601570584148646503e+00,-1.175611381569030556e-01
-4.608846565499172598e+00,-1.196625024827415729e-01
-4.617619943938057858e+00,-1.221963732340691777e-01
-4.589356535665995551e+00,-1.140325415334322301e-01
-4.588428787510007822e+00,-1.137643369581082808e-01
-4.544661687707714393e+00,-1.011224177976224325e-01
-4.539561692080233968e+00,-9.964909866671511907e-02
-4.533640920454192980e+00,-9.793870514539548822e-02
-4.531731482933723854e+00,-9.738694332054942393e-02
-4.503222476585492018e+00,-8.915216377967061234e-02
-4.482114312886217533e+00,-8.305504116838680062e-02
-4.475401444895785730e+00,-8.111585244540941986e-02
-4.436969495925698226e+00,-7.001492675754095174e-02
-4.433212659095500996e+00,-6.892955463125893800e-02
-4.455834948930839090e+00,-7.546352465143035815e-02
-4.423364008497042477e+00,-6.608437132644073841e-02
-4.220094620449373224e+00,-7.347342139749191148e-03
-4.381312847848727543e+00,-5.393781288518861849e-02
-4.362808385198517769e+00,-4.859273069363845288e-02
-4.337700992309855508e+00,-4.134045742758174491e-02
-4.337753248180515442e+00,-4.135529247667268926e-02
-4.328998585625862816e+00,-3.882633678170255287e-02
-4.311368880640220169e+00,-3.373391341613829475e-02
-4.275216239879506830e+00,-2.329132606333206290e-02
-4.269500945227026278e+00,-2.164025648617773356e-02
-4.267471802598283404e+00,-2.105389309887883975e-02
-4.266812820458456557e+00,-2.086328519609126353e-02
-4.259216133729168519e+00,-1.866879005971355809e-02
-4.217449072462741810e+00,-6.604526675303201699e-03
-4.230553060141941657e+00,-1.038920878517046731e-02
-4.203382531054998594e+00,-2.541002967121563927e-03
-4.171929007382788157e+00,6.544303963218700559e-03
-4.598167515880074774e+00,-1.165708393919739905e-01
-4.149127011541478893e+00,1.313098415746560832e-02
-4.132204115330399219e+00,1.801927089029886631e-02
-4.139561001307452415e+00,1.589458981433899964e-02
-4.091928663118837406e+00,2.965299091148287935e-02
-4.056213958374542017e+00,3.996910570657119521e-02
-4.076814799650033905e+00,3.401904662254850997e-02
-4.073787019348403149e+00,3.489387713112757083e-02
-4.058180596566700160e+00,3.940192263406383510e-02
-4.023853999232164469e+00,4.931710249180221162e-02
-4.006365258466408008e+00,5.436883939230563456e-02
-3.966570653492996978e+00,6.586340079688302040e-02
-3.949377195724335099e+00,7.082985108324613144e-02
-3.962237908176768908e+00,6.711546000220836028e-02
-3.939197468786426182e+00,7.377075461273174817e-02
-3.938355144701218169e+00,7.401434977843290852e-02
-3.880350275003177085e+00,9.076876897382923914e-02
-3.902497695912523934e+00,8.437201189510967758e-02
-3.890393721620112988e+00,8.786842498948432834e-02
-3.872259928251617911e+00,9.310649169774642964e-02
-3.823719623674100010e+00,1.071271727550791031e-01
-3.828567795938235374e+00,1.057271341793930564e-01
-3.821715429915097939e+00,1.077066790415435182e-01
-3.767821207583628595e+00,1.232737892612008057e-01
-3.777551713529034405e+00,1.204635422387057009e-01
-3.760047118356249829e+00,1.255198798481407252e-01
-3.752568153696734132e+00,1.276804169724656823e-01
-3.711538456709674083e+00,1.395317448578319297e-01
-3.672968098804866965e+00,1.506727189307914827e-01
-3.696450559956387050e+00,1.438903658067680613e-01
-3.640402280592752060e+00,1.600796633064465180e-01
-3.635260163026770908e+00,1.615652327042418346e-01
-3.593638813454856251e+00,1.735874603277804962e-01
-3.617622725198565536e+00,1.666602737556446279e-01
-3.578334876312971868e+00,1.780084960528762750e-01
-3.583507454539204051e+00,1.765147754407918601e-01
-3.540957756261201350e+00,1.888051526194436391e-01
-3.540841464744201250e+00,1.888390711876959394e-01
-3.522736703853035056e+00,1.940687783665842048e-01
-3.477399217112752350e+00,2.071643840480434928e-01
-3.490014425763712236e+00,2.035209416990180209e-01
-3.423835402918666393e+00,2.226364167539358618e-01
-3.454209553293105639e+00,2.138634865308988164e-01
-3.392828878588124208e+00,2.315930099497833794e-01
-3.368044111173793986e+00,2.387521773527232494e-01
-3.375122019511711979e+00,2.367081347470849639e-01
-3.351284138909081722e+00,2.435938061010236577e-01
-2.796622298557298159e+00,4.038034381913104820e-01
-3.291847776973208184e+00,2.607620831746642054e-01
-3.276921305462774381e+00,2.650737881264286777e-01
-3.267798727153820693e+00,2.677090985741377160e-01
-2.772665730981324739e+00,4.107243410952616802e-01
-3.215494954417786655e+00,2.828172097857459821e-01
-3.200365680401227486e+00,2.871874973206507420e-01
-3.171415692609931281e+00,2.955497593833507075e-01
-3.183787996096021367e+00,2.919764972142322446e-01
-3.133419980576753083e+00,3.065251422841799300e-01
-3.125782986595569746e+00,3.087313656386934113e-01
-3.099781791220312055e+00,3.162419039037731583e-01
-3.085198796145838251e+00,3.204544118548597886e-01
-3.079757789937904278e+00,3.220263501161022557e-01
-3.026581066017775878e+00,3.373862684118444921e-01
-3.055329750398112942e+00,3.290828631461770737e-01
-3.038438781183658399e+00,3.339620110049661417e-01
-2.983026697233165159e+00,3.499675941002908797e-01
-2.948894160958085209e+00,3.598267964970192079e-01
-2.973561596523193629e+00,3.527022235178300935e-01
-2.936872932134364511e+00,3.632997400645876507e-01
-2.923525975005980548e+00,3.671552419783963295e-01
-2.913896044553311082e+00,3.699371195656016020e-01
-2.861544790497058788e+00,3.850586201687247190e-01
-2.841360920393543488e+00,3.908888987600838139e-01
-2.823855718990350816e+00,3.959454721986170878e-01
-2.804025400562883963e+00,4.016736333286021754e-01
-2.789891470555105890e+00,4.057564515051341747e-01
-2.756367242117916838e+00,4.154399622478421872e-01
-2.733884040198898635e+00,4.219343854197155075e-01
-2.722486564358431504e+00,4.252268100000007323e-01
-2.721284647938511547e+00,4.255743516107417523e-01
-2.698371853565615375e+00,4.321928616689496572e-01
-2.631585366335111864e+00,4.514838448835349904e-01
-2.622412238700817078e+00,4.541337935780975776e-01
-2.613364011589700109e+00,4.567476671513057696e-01
-2.604705826087918563e+00,4.592488822792315517e-01
-2.573303187513567014e+00,4.683196035373000665e-01
-2.539690501687236424e+00,4.780286756841016782e-01
-2.526494853175895283e+00,4.818404944080809660e-01
-2.519212197337017844e+00,4.839444061632924843e-01
-2.494072620798882145e+00,4.912061097807938204e-01
-2.447505859130851391e+00,5.046568399913196057e-01
-2.419015851079643564e+00,5.128862840105641308e-01
-2.401336317991183744e+00,5.179932328601046798e-01
-2.366030310527018177e+00,5.281914114619521428e-01
-2.371355599003126535e+00,5.266536526421783382e-01
-2.355281947584848989e+00,5.312967620369093424e-01
-2.318475661259260079e+00,5.419282841904264902e-01
-2.289509668146527677e+00,5.502952180748634792e-01
-2.302649940164177789e+00,5.465001845964538862e-01
-2.269860375085413384e+00,5.559715206215256611e-01
-2.238475395607975926e+00,5.650371573502190881e-01
-2.229851831398332873e+00,5.675283907388961602e-01
-2.198270966897259981e+00,5.766506089258220946e-01
-2.166827588993894160e+00,5.857331165181998145e-01
-2.161244643239636609e+00,5.873461011004541543e-01
-2.116514084748138735e+00,6.002664783064379783e-01
-2.090930638948388154e+00,6.076564068516692174e-01
-2.047402328441952690e+00,6.202295288915524729e-01
-2.029899470160236863e+00,6.252854635192561794e-01
-2.011225863281820736e+00,6.306795580083039976e-01
-2.011230429601015057e+00,6.306786522380287696e-01
-1.980995363503817774e+00,6.394121591219974476e-01
-1.962863845717131017e+00,6.446496795732274965e-01
-1.934354570173423049e+00,6.528847112479394532e-01
-1.903472389687224542e+00,6.618051334437078381e-01
-1.894576040746495771e+00,6.643751717217585284e-01
-1.838668138791554885e+00,6.805240220932301520e-01
-1.819991490376815957e+00,6.859190027323769367e-01
-1.796451305906605178e+00,6.927187674502705006e-01
-1.791928585761733306e+00,6.940255310461139748e-01
-1.771821674064039787e+00,6.998336315152948739e-01
-1.709018429802672046e+00,7.179741363057857706e-01
-1.708032116978701609e+00,7.182594471714476292e-01
-1.689476171574408880e+00,7.236195694321911898e-01
-1.662067932929329750e+00,7.315365878656626686e-01
-1.610768674988607874e+00,7.463542862380264653e-01
-1.636153503125090669e+00,7.390225635538590909e-01
-1.569381537850274899e+00,7.583093985429744111e-01
-1.590405202182615607e+00,7.522373556046422216e-01
-1.543520701276257068e+00,7.657798995662569164e-01
-1.543011571279499616e+00,7.659273879836406840e-01
-1.504836330566234448e+00,7.769543520024625449e-01
-1.440241608670178586e+00,7.956123165335287073e-01
-1.435410207438254204e+00,7.970082517505486797e-01
-1.418233286031028939e+00,8.019700663110516103e-01
-1.377631591437829650e+00,8.136978902769209654e-01
-1.389997951032996060e+00,8.101264288368880129e-01
-1.328482779243342904e+00,8.278949005827711538e-01
-1.300022363715333196e+00,8.361158414182258136e-01
-1.291031649515404611e+00,8.387131569223502670e-01
-1.281861472232865395e+00,8.413623093051225688e-01
-1.266884834252651304e+00,8.456885998545904393e-01
-1.210269600437078319e+00,8.620417780427217513e-01
-1.188812652166440165e+00,8.682398421490309381e-01
-1.152191945577165200e+00,8.788178050886048531e-01
-1.153599198464081210e+00,8.784117776696427349e-01
-1.138155306833044111e+00,8.828730334913384992e-01
-1.062928644644049347e+00,9.046019380991765502e-01
-1.069325278154021674e+00,9.027547808086420211e-01
-1.046971190952761033e+00,9.092119788532452285e-01
-1.028759539536665768e+00,9.144726769744395689e-01
-9.836642485079574172e-01,9.274984429435265687e-01
-9.884624823942329552e-01,9.261129700531401943e-01
-9.202690464506348977e-01,9.458104027385525470e-01
-8.865967287270206665e-01,9.555367605979365742e-01
-9.114019746716925940e-01,9.483724668858044549e-01
-8.497159946518040297e-01,9.661902888518213439e-01
-8.098573493044829430e-01,9.777035068397176287e-01
-8.324204396296084330e-01,9.711868390814952789e-01
-7.567682199874552484e-01,9.930386699527362637e-01
-7.474142957930176578e-01,9.957409100180036887e-01
-7.617820790518947671e-01,9.915913756773672150e-01
-6.973149090836796571e-01,1.010212520102555800e+00
-6.891646563608548881e-01,1.012567093745155855e+00
-6.769544872643842304e-01,1.016094333748500222e+00
-6.225829928378263656e-01,1.031799446353098615e+00
-5.754136857558187490e-01,1.045424280659911220e+00
-5.936489452943456424e-01,1.040157668634619670e+00
-5.481295591412553847e-01,1.053305941169911497e+00
-5.427313860212106267e-01,1.054865608079887052e+00
-4.730716210769267960e-01,1.074986585794187821e+00
-4.633634769358809802e-01,1.077791145342480217e+00
-4.458693749994200317e-01,1.082844600536928992e+00
-4.269011643962503655e-01,1.088323837649042947e+00
-3.860011927949511534e-01,1.100137842439144586e+00
-3.959765559702088655e-01,1.097257022366731505e+00
-3.439523599111923291e-01,1.112284147841501980e+00
-3.127410979650359080e-01,1.121299668526332116e+00
-2.866452978311391231e-01,1.128837640370484063e+00
-2.778845962835074790e-01,1.131368544993029523e+00
-2.485438164192425026e-01,1.139843797390932334e+00
-1.976611770811603774e-01,1.154541198307186267e+00
-1.994737115914492209e-01,1.154018132216921400e+00
-1.680738121656302209e-01,1.163088141913495077e+00
-1.375897583204360730e-01,1.171893619357438743e+00
-1.224758830804537624e-01,1.176259576779273175e+00
-9.054516382165778143e-02,1.185482909802858309e+00
-2.537528951699341562e-02,1.204307036705363432e+00
-2.472761044489424354e-02,1.204494581163483291e+00
-2.524691198312589702e-02,1.204345055520516850e+00
2.310862406010494308e-02,1.218312532342405330e+00
6.294738572859615022e-02,1.229820025526758620e+00
8.974553602827972654e-02,1.237560870548482406e+00
9.363883620628865589e-02,1.238685881899368235e+00
1.482773474247399137e-01,1.254468134123165157e+00
1.566002965858999119e-01,1.256872605522639796e+00
2.154228677992687246e-01,1.273863381886791268e+00
2.063362155746840676e-01,1.271239266930501710e+00
2.634072409117618196e-01,1.287724127739125812e+00
2.713382991409067357e-01,1.290015406887498939e+00
3.207753766324411004e-01,1.304295279853062484e+00
3.156661216256796965e-01,1.302819997232696370e+00
3.471332697762739561e-01,1.311909438708389608e+00
3.563946603579675187e-01,1.314584972242936356e+00
3.795345803410404839e-01,1.321269178811406375e+00
4.336650394333718683e-01,1.336904689172334626e+00
4.764813772457647256e-01,1.349272230446629139e+00
4.899268164622324062e-01,1.353156285301207795e+00
5.305337825813969399e-01,1.364885672513017845e+00
5.630380236299622476e-01,1.374274669898479129e+00
5.465511677672334478e-01,1.369513085187524792e+00
5.874835838144200073e-01,1.381336476133620650e+00
6.410505699612227826e-01,1.396809235000453286e+00
6.557782292624485532e-01,1.401063647756768171e+00
6.908310819085773380e-01,1.411188787084497909e+00
7.074152938489864928e-01,1.415979446749587645e+00
7.357492205311977340e-01,1.424163892791878938e+00
7.351990752549615316e-01,1.424005467281683313e+00
7.609555049304939089e-01,1.431445429834410810e+00
8.106754077637434719e-01,1.445806999209920063e+00
8.137487920453971846e-01,1.446695194133435169e+00
8.760652997127310604e-01,1.464695165669597676e+00
9.148041124202159757e-01,1.475884958889180698e+00
9.162127327854534542e-01,1.476292304142253542e+00
9.490028192885575642e-01,1.485763868352693695e+00
9.754186112528631103e-01,1.493394282271204521e+00
1.020809413101562590e+00,1.506505435842234064e+00
1.055115633486802817e+00,1.516414920412945566e+00
1.079429802488462986e+00,1.523438302228388608e+00
1.082927755763321898e+00,1.524449130991207380e+00
1.093845491193617070e+00,1.527603088827274025e+00
1.121617643886901661e+00,1.535625274565409537e+00
1.168137647945706625e+00,1.549062587469410834e+00
1.195781291929962853e+00,1.557047654955123761e+00
1.220289272619275334e+00,1.564127017924279217e+00
1.257574804928110579e+00,1.574897047395321881e+00
1.265969492189918721e+00,1.577322248823751050e+00
1.298967100969018018e+00,1.586853755115683828e+00
1.346889701873416723e+00,1.600696194335144096e+00
1.349054449089567953e+00,1.601321940799156351e+00
1.369893995159271460e+00,1.607341713885786838e+00
1.387713990261338681e+00,1.612489320269380633e+00
1.456612435452701027e+00,1.632390419872083331e+00
1.440657288031419681e+00,1.627782418294253741e+00
1.520867145737839543e+00,1.650950704896757326e+00
1.541591604866352494e+00,1.656937236327922669e+00
1.565049730550025497e+00,1.663713359652577495e+00
1.606498817967120463e+00,1.675685990113642276e+00
1.622536148284491997e+00,1.680318691766557571e+00
1.607636189517776648e+00,1.676015470628596127e+00
1.652871267830647861e+00,1.689081646109848345e+00
1.699681770721839680e+00,1.702602866974405105e+00
1.725015987026714104e+00,1.709920879814074812e+00
1.759969375952014081e+00,1.720017293209642251e+00
1.766906403016187843e+00,1.722021464030893290e+00
1.819145242925078954e+00,1.737110604778008272e+00
1.816212955470941415e+00,1.736264123827371497e+00
1.837281041297691209e+00,1.742349907618714333e+00
1.882447411528268111e+00,1.755396236780426333e+00
1.924859357248456249e+00,1.767646978184686857e+00
1.909075619622433662e+00,1.763088485482343204e+00
1.944584015126755494e+00,1.773345206026349929e+00
1.977762047244075339e+00,1.782928824550528812e+00
2.019929730945905888e+00,1.795109012770052859e+00
2.060356394367928168e+00,1.806786324743354211e+00
2.072467222676809051e+00,1.810284894234513331e+00
2.101679457887723146e+00,1.818723031798212375e+00
2.100711414466982063e+00,1.818443901228050885e+00
2.179016225646241978e+00,1.841061931972786558e+00
2.198512606715080864e+00,1.846693742836882368e+00
2.210430522406510168e+00,1.850136590485459642e+00
2.222316148164188654e+00,1.853570111291471312e+00
2.261431422897416166e+00,1.864868640307320025e+00
2.267315471305740626e+00,1.866568665785366399e+00
2.338368703824221129e+00,1.887092150089628717e+00
2.340137139301517344e+00,1.887603421935648562e+00
2.377002798846938436e+00,1.898252171374323005e+00
2.376496571712351180e+00,1.898106429417393493e+00
2.446584532063777573e+00,1.918351103557101034e+00
2.422489801928607633e+00,1.911392060743789312e+00
2.455649194056567453e+00,1.920970291222406257e+00
2.506535261508728407e+00,1.935668692102575417e+00
2.521237598263598834e+00,1.939915788372501115e+00
2.546028838173844733e+00,1.947076961859293132e+00
2.612768609626347605e+00,1.966354543675031596e+00
2.602317446437436121e+00,1.963336305143219107e+00
2.661378228044968708e+00,1.980395887796848831e+00
2.678803234728478699e+00,1.985429398018818681e+00
2.718384194541981103e+00,1.996862430637239783e+00
2.738300242891287262e+00,2.002615452290002374e+00
2.723519683383158974e+00,1.998346709642815355e+00
2.783726603813292844e+00,2.015737341032076024e+00
2.774083033345949634e+00,2.009280180389008574e+00
2.927342399417528274e+00,2.057166372174022317e+00
2.868469224233277881e+00,2.036543617951818153e+00
2.768502333296468887e+00,2.015067913001988842e+00
3.039092552018569648e+00,2.089445683328001735e+00
2.822635225618036259e+00,2.023360221253223568e+00
3.026297573254549622e+00,2.082124716157656596e+00
3.072435047076773174e+00,2.095451526919752006e+00
3.068264790531812114e+00,2.094247458604686862e+00
3.122665289186604909e+00,2.109960959500804201e+00
3.140477582471472129e+00,2.115106327205390713e+00
2.970148466051361957e+00,2.073367673653199184e+00
3.196191627724700002e+00,2.131199697899541334e+00
3.235923606038356048e+00,2.142676343223491209e+00
3.050795527391165773e+00,2.096663157736434968e+00
3.024950377476266716e+00,2.089205910179629200e+00
3.076947001476356025e+00,2.104217674921806669e+00
2.988585703854234943e+00,2.078711171125508184e+00
3.020865649730959390e+00,2.088035369669742458e+00
3.063208928175908063e+00,2.100266259391995405e+00
3.078823181478532511e+00,2.104776740236132149e+00
3.106106023276880901e+00,2.112657574165067498e+00
3.162521889075613046e+00,2.128953186560298416e+00
3.262098688266676039e+00,2.154003321522399261e+00
3.205246221341964574e+00,2.141287199271967534e+00
3.270881794267391562e+00,2.156549453952437467e+00
3.368208740274137636e+00,2.184632125612233189e+00
3.411617453993723625e+00,2.197170750783056903e+00
3.317530594883923545e+00,2.170042459855597183e+00
3.577536410692155666e+00,2.245035203571251081e+00
3.599824376071582677e+00,2.251473312489080225e+00
3.329921645559797749e+00,2.173630757855764983e+00
3.574543540139137665e+00,2.244180009701485456e+00
3.593361643462859245e+00,2.249615882101643649e+00
3.583214822880051997e+00,2.246685528785038244e+00
3.643600572837035756e+00,2.264127793725761784e+00
3.700161535053978934e+00,2.280458715350482723e+00
3.723133152995010242e+00,2.287094285628178181e+00
3.623245609631843944e+00,2.258252098031714894e+00
3.650916108667496385e+00,2.266244891108406989e+00
3.704212670023372844e+00,2.281639512124459479e+00
3.699751775397066123e+00,2.280351475964443431e+00
3.738751769093017874e+00,2.291616676662541430e+00
3.753930122614957288e+00,2.296001237006330520e+00
3.901463754501642622e+00,2.338547409477369055e+00
3.938105846973785962e+00,2.349131551989480649e+00
3.928371458947444772e+00,2.346328799427620293e+00
3.985707654423020774e+00,2.362889137687838925e+00
3.999941346846861201e+00,2.367001923176633937e+00
4.056923567592720659e+00,2.383460017820256738e+00
4.226172177049709155e+00,2.432303232554897221e+00
3.574840017771160117e+00,2.240711129013466696e+00
4.304246527506508713e+00,2.454848506566070121e+00
4.195799185281369859e+00,2.423585499828391665e+00
4.329089194477524494e+00,2.462024935762482158e+00
4.340679777847713083e+00,2.465373195324933597e+00
4.450395393281852741e+00,2.497055974947099521e+00
4.476126328521022657e+00,2.504488530263197621e+00
4.444794391031715364e+00,2.491774768313019361e+00
4.483938483794918106e+00,2.506753761114561385e+00
4.595572167969172561e+00,2.538983960546993934e+00
4.483205003398836652e+00,2.506588745822393438e+00
4.504631879792104776e+00,2.512778112846330458e+00
4.537446390428550913e+00,2.522256681817903967e+00
4.551055236898664980e+00,2.526187888202559684e+00
4.596968939274176158e+00,2.539450024234957137e+00
4.636527180521616387e+00,2.550876448719565648e+00
4.648964251153591576e+00,2.554469196689888477e+00
4.661122048393512074e+00,2.557981278410020654e+00
4.758821763477044442e+00,2.586193374930521927e+00
4.768669476121832673e+00,2.589038210161594744e+00
4.499966396500072463e+00,2.518932477544366222e+00
4.549763940916998983e+00,2.533316415267875765e+00
4.638174537086797500e+00,2.558799460908841361e+00
4.664873906364222833e+00,2.566511722579064347e+00
4.718990235066282679e+00,2.582143094402212125e+00
4.736413616462213483e+00,2.583503894355316355e+00
4.737689945520347834e+00,2.587545149657180854e+00
4.788305336848070581e+00,2.598493123582959363e+00
4.815452965345180303e+00,2.606334855239928139e+00
4.827724717116135267e+00,2.606207654961400610e+00
4.641837636974148751e+00,2.556250431483527485e+00
4.722604097416875035e+00,2.579539525723443916e+00
4.801889506215619718e+00,2.598754549479040943e+00
4.837157582688925928e+00,2.608941784975638445e+00
4.692628150478700633e+00,2.570936383043765261e+00
4.750875433970938033e+00,2.587753529899903260e+00
4.785669526180535982e+00,2.597803856536648581e+00
4.778926652663690433e+00,2.595856650016520994e+00
4.830990258705089246e+00,2.610895098649538060e+00
4.597204421491457360e+00,2.539758425218006987e+00
4.880184859746579562e+00,2.625105263935249233e+00
4.693409758849924174e+00,2.578563716941951967e+00
4.731287661833185609e+00,2.589506815706688503e+00
4.754604245599182377e+00,2.596240887407071263e+00
4.775863580229023242e+00,2.602380860597286905e+00
4.789344330885043632e+00,2.602602849475754709e+00
4.826545002073281410e+00,2.613348280567373116e+00
4.826764063676025174e+00,2.613411946928544616e+00
4.856677692253590806e+00,2.622052587137631008e+00
4.873123788804399226e+00,2.619458896875085152e+00
4.985025631648424493e+00,2.651720528743247485e+00
4.299909591701483791e+00,2.464871479135008148e+00
5.082735562919411976e+00,2.679949915489107326e+00
5.108986715008787982e+00,2.687532680316935263e+00
5.255220036319276034e+00,2.729703209473014258e+00
5.326772456383428889e+00,2.750370784432792703e+00
5.331979678267334322e+00,2.751875219297738706e+00
5.366435691694666943e+00,2.761827870221671866e+00
5.385539508577334544e+00,2.767346193317373082e+00
5.372402965516343443e+00,2.763552213551185410e+00
5.392018979406669743e+00,2.769218476988225319e+00
5.450542876867324082e+00,2.786122887399877346e+00
5.454743080217033580e+00,2.787336447419261454e+00
5.450893840293954185e+00,2.786225005924257481e+00
5.497384923236181109e+00,2.799653855732615604e+00
5.515764788535205909e+00,2.804963063585355521e+00
5.545609472838648912e+00,2.813583767002561409e+00
5.561275053539315394e+00,2.818108978544593413e+00
5.626786299812245318e+00,2.836985625632103769e+00
5.400389090619539090e+00,2.771701208533415173e+00
5.272008987633622468e+00,2.741980449917722051e+00
5.424992250141384531e+00,2.778808306852344145e+00
5.462234101379776163e+00,2.789565598869475860e+00
5.469191322245396947e+00,2.791575480608378346e+00
5.478911340509872829e+00,2.794383367009490193e+00
5.512323453672195228e+00,2.807706658253958931e+00
5.541204635943968171e+00,2.816049050080754679e+00
5.689775911538877295e+00,2.855230056167656461e+00
5.423261143470984535e+00,2.778110300415939538e+00
5.694660355333335033e+00,2.856648172017770992e+00
5.551618464158702082e+00,2.815400691643450415e+00
5.780234177979602705e+00,2.881359409506910385e+00
5.785690548904744546e+00,2.882942364507932176e+00
5.781646302798707282e+00,2.881774569598521740e+00
6.260640329201336840e+00,3.034961522631210329e+00
5.854466663282828165e+00,2.902808678367631234e+00
5.833771250764492322e+00,2.896831358186468641e+00
5.888157115109450501e+00,2.912540503233287392e+00
6.298097305729845274e+00,3.042109795966839947e+00
5.860856777910209203e+00,2.904708320537924937e+00
5.897658986536546522e+00,2.915338600132954650e+00
5.913429100133637206e+00,2.919893970485310408e+00
5.911368457117712083e+00,2.919299105780018611e+00
6.054970261974119694e+00,2.960716891384631122e+00
6.079217888566162742e+00,2.967720900947933060e+00
6.085091789049860367e+00,2.969417844191096112e+00
6.132318142969612751e+00,2.983059023415350897e+00
6.127896529283546556e+00,2.981782208509586418e+00
6.141313905804489437e+00,2.985658003762162505e+00
6.184326424511901621e+00,2.998082054649140904e+00
6.180098231627367156e+00,2.996861102667372379e+00
6.231035538997549139e+00,3.011574145366428645e+00
5.550945799998297403e+00,2.818832544679378493e+00
6.230637589276470933e+00,3.011459831118684871e+00
6.288943190019974594e+00,3.028301125966692542e+00
6.278792669196567644e+00,3.025369561520857786e+00
6.195216049614563403e+00,3.004962266242185986e+00
6.222431669253126074e+00,3.012823529938449596e+00
6.345156625237549974e+00,3.044539040828099896e+00
5.708143947080820624e+00,2.860559727413150455e+00
6.364508979619451168e+00,3.050129379261524054e+00
6.404521481982543563e+00,3.061686886412154696e+00
6.413600596265800036e+00,3.064309595919712415e+00
5.798735978382534739e+00,2.886727518872945986e+00
6.446255942624095070e+00,3.073742355642872237e+00
6.448549099051026801e+00,3.074405004909331218e+00
6.491780792142465728e+00,3.090564518844407971e+00
6.491658986085134586e+00,3.090529627271272339e+00
7.159290338821143962e+00,3.283353634773576779e+00
6.530005477339091868e+00,3.101606199709471046e+00
6.540104274833966613e+00,3.100851236403180611e+00
6.571476904905026117e+00,3.109913187038626514e+00
6.578454316635939492e+00,3.111928824105799407e+00
6.567109853043811896e+00,3.108652371243909140e+00
6.627518881041595478e+00,3.126101186278430699e+00
6.643796010167136501e+00,3.130802947363708899e+00
6.659462872577877945e+00,3.135328437339836682e+00
6.663714648845303401e+00,3.136556793494112316e+00
6.645160755411858133e+00,3.131197961075326219e+00
6.933322707546667019e+00,3.233047266459856406e+00
7.053766948697726136e+00,3.264115358419715118e+00
6.691737134509939011e+00,3.144651881628060419e+00
6.743398185316198834e+00,3.159573917917179120e+00
6.758428357985280854e+00,3.163915494109276860e+00
6.752913252555213575e+00,3.162322772922673053e+00
6.482012337177238237e+00,3.080473543511832890e+00
6.811555349904091727e+00,3.179261466020927962e+00
6.816748441308021711e+00,3.180761693661653400e+00
6.830009548075036463e+00,3.184592284042637278e+00
6.965020614787219344e+00,3.223535235788280939e+00
6.978357585916491246e+00,3.227387735167322358e+00
6.962246485736468316e+00,3.222734455437636480e+00
7.007168720646442139e+00,3.235710034820146852e+00
7.025751456922071370e+00,3.241077714829182277e+00
6.833041921330046620e+00,3.185477540698395060e+00
7.027543497479296519e+00,3.241595811562167473e+00
7.358740850593914473e+00,3.348476229853507569e+00
7.068068185072325704e+00,3.253301433813035715e+00
6.767059850035799684e+00,3.173648179546953774e+00
6.786401352922389663e+00,3.172014972439276548e+00
7.087909724206777895e+00,3.259033162191064203e+00
7.086913937798492213e+00,3.258745769147265214e+00
7.144681712400451801e+00,3.275431633895357297e+00
7.110728007617947100e+00,3.265624675985847603e+00
6.778760383122703459e+00,3.173400876076827082e+00
7.159109691781152307e+00,3.279599681875970951e+00
6.828886247454100555e+00,3.187881718341511572e+00
7.210503557887701476e+00,3.294444718347707024e+00
7.196392771899812857e+00,3.290369177049585758e+00
7.221731405971357987e+00,3.297688199423832067e+00
6.878375734337319969e+00,3.202175065823646083e+00
7.255453921236721726e+00,3.307429029622031003e+00
7.268347936157619316e+00,3.311153543903139429e+00
6.591539413828964911e+00,3.115725473825301517e+00
6.604756500255984264e+00,3.119543300122544771e+00
7.297468412102812607e+00,3.319565312634288112e+00
6.982770970999903071e+00,3.225065841522227306e+00
7.318072895878851014e+00,3.325517108704032943e+00
7.336235469544927668e+00,3.330763381026917269e+00
7.508783035218046464e+00,3.384441326606205891e+00
7.359492915612939612e+00,3.337481446491855408e+00
6.937678748295526887e+00,3.215636215957662358e+00
6.956766369498890157e+00,3.221149670920504526e+00
7.361551944475113629e+00,3.338076742578784728e+00
7.399749201300151569e+00,3.349109818312205000e+00
7.003588726812143506e+00,3.234674389205224099e+00
6.612870883510684195e+00,3.121898226816051114e+00
7.386417929693861240e+00,3.345259757754318386e+00
7.444766016170705214e+00,3.362113188538265796e+00
6.645510919034261832e+00,3.131326500753436104e+00
7.431138324930676831e+00,3.358177315191701595e+00
7.441565264740493291e+00,3.361189201784415825e+00
7.106682673203877698e+00,3.268125439050908909e+00
7.185826113415554772e+00,3.283719370070273147e+00
7.469079546070810594e+00,3.369136922853603888e+00
6.735263920483419042e+00,3.153579567137717365e+00
7.488436654899397027e+00,3.374728350437977475e+00
7.516387504885690518e+00,3.382801828717268755e+00
7.118053677969401249e+00,3.267784601110302667e+00
6.753300155388700432e+00,3.166134148726990283e+00
6.892952674842387495e+00,3.202790464876997145e+00
7.282000812993894456e+00,3.318844084808846961e+00
7.542740190751638707e+00,3.390414295162309966e+00
7.548724610190090445e+00,3.392142979842137418e+00
7.305252634711870030e+00,3.325560575241602645e+00
6.804225160320735100e+00,3.180844201365865764e+00
8.043314696886024961e+00,3.538719675515007879e+00
7.577639839448130132e+00,3.400495412866938683e+00
7.318625988038968799e+00,3.325617536424421594e+00
8.067723017517877793e+00,3.545770177306692084e+00
8.059918149795191056e+00,3.543515951193484614e+00
6.921080722933600882e+00,3.207244315418173564e+00
7.638533888927891979e+00,3.418084697132253158e+00
6.978571828511501707e+00,3.223850290401006458e+00
7.826872724616865895e+00,3.476227345334266694e+00
7.371056929401742508e+00,3.340762569535492776e+00
8.118856111473577997e+00,3.560540325369567327e+00
6.932944196459263964e+00,3.218024924164430534e+00
7.846822145948495475e+00,3.478317817224462871e+00
6.945299170672393885e+00,3.221593758758980020e+00
7.655053461667762349e+00,3.422857144398986584e+00
8.149030617828083578e+00,3.569256484060605583e+00
7.706450263301304560e+00,3.437702802597876417e+00
8.077276461312955291e+00,3.541147817055589453e+00
7.440138025142976730e+00,3.364411383818558754e+00
6.981525352744530011e+00,3.232057948764812672e+00
7.729193157379224743e+00,3.444272255931792870e+00
7.721255157477738607e+00,3.441979539214541806e+00
7.703159665457986804e+00,3.436752931538511469e+00
8.116805221279816962e+00,3.556239021961105085e+00
7.253282151229024421e+00,3.306809775142618868e+00
7.719484697471045820e+00,3.441468514575436455e+00
8.128970217431298551e+00,3.559753014147422956e+00
8.136297273791184281e+00,3.561869441187295759e+00
7.278647990878953422e+00,3.314136769489913537e+00
7.773415472848927976e+00,3.457046192581354926e+00
7.496916733734110494e+00,3.380925238981360437e+00
7.542137707167201555e+00,3.393987025457683604e+00
8.153915887318849087e+00,3.566958771032343822e+00
8.171737455556087326e+00,3.572106418264815453e+00
7.787866363553396454e+00,3.461220535528525932e+00
7.571897517187803572e+00,3.402574149736095510e+00
7.577183957874597198e+00,3.404101145577802967e+00
7.765780395836213046e+00,3.454841410247415645e+00
7.335428926163205077e+00,3.330538033222796734e+00
7.774717422941632705e+00,3.457422890778795832e+00
7.772054890657065229e+00,3.456653897277222942e+00
8.196786758958081620e+00,3.579342116764134829e+00
6.695992513726578110e+00,3.153331880720438019e+00
7.318069197001474180e+00,3.329328505827288787e+00
7.783758265741797189e+00,3.460034484133356347e+00
7.788323703619193239e+00,3.461353205360169216e+00
7.369615591737524340e+00,3.340412876324234670e+00
7.311920457334496248e+00,3.323885634262992994e+00
7.352023335088251343e+00,3.335331601193729512e+00
7.351113199317405034e+00,3.335068749336529859e+00
6.895967605528650068e+00,3.218588240416078161e+00
7.335909084441579964e+00,3.330677251147339035e+00
7.361397360147840629e+00,3.338039306366995973e+00
7.327603861618301906e+00,3.328278418972541619e+00
7.349081506837343625e+00,3.338285009936633241e+00
7.384696586366960247e+00,3.344769112750488826e+00
7.373716556653301168e+00,3.341597658010969418e+00
7.341338912923372817e+00,3.332245716797913815e+00
7.338300056876338573e+00,3.331367985097014817e+00
7.365426094203726848e+00,3.339203075171907731e+00
7.343493686466558756e+00,3.332868127750278742e+00
6.901280529981297818e+00,3.223797114930933905e+00
7.343960814602148446e+00,3.333003059118779809e+00
7.383866013312657017e+00,3.344529271392639558e+00
7.380931138526081625e+00,3.343681559836194861e+00
7.342435449779989298e+00,3.332562464871571706e+00
7.388328799354225040e+00,3.345818286984846956e+00
7.331598349209228260e+00,3.329432261179036345e+00
7.373884947937739298e+00,3.341646305205481227e+00
7.373972450295807946e+00,3.341671565146699052e+00
7.399882035934762570e+00,3.352963012485191463e+00
7.398511139181477958e+00,3.352567023978603622e+00
7.397295500417046199e+00,3.352215877853423009e+00
7.336001006583208195e+00,3.330703817974989711e+00
7.324482843200845750e+00,3.327376887275828921e+00
6.832948531023109950e+00,3.189251776647148429e+00
6.888846951238090099e+00,3.216532728325323109e+00
6.820145133665079129e+00,3.189239755347595739e+00
6.979588202234165095e+00,3.231595892615886090e+00
7.384646818925498124e+00,3.348562221035034092e+00
8.224754297250719048e+00,3.587420416707949311e+00
8.207933095507220500e+00,3.582561740786433191e+00
8.218826743960709891e+00,3.585708216435323337e+00
8.212943996752798625e+00,3.584008997705822264e+00
8.257352135084191858e+00,3.600592031044741237e+00
6.844137682226042685e+00,3.192438227989132127e+00
7.300779458465024518e+00,3.320529913353360119e+00
7.315742747449476724e+00,3.324851851800014302e+00
7.324639769139677625e+00,3.327421608015177057e+00
8.167469746121053475e+00,3.570873891230386565e+00
7.284926529361662517e+00,3.315950716880395888e+00
7.280163899482099410e+00,3.314575014010334719e+00
7.797649369016779630e+00,3.464046153472665868e+00
7.283253424941229071e+00,3.319276530287438742e+00
7.284530138903365426e+00,3.319645223721629623e+00
7.779667034979274476e+00,3.458851920928126322e+00
8.225761823088751257e+00,3.595138902365482725e+00
7.298959118862757833e+00,3.323817154637572546e+00
7.451405940903919500e+00,3.367780707125212381e+00
7.474514834496552851e+00,3.374454308066999086e+00
6.999113184603325877e+00,3.237138499542850489e+00
6.977468221168592777e+00,3.230885515515093953e+00
8.093960793879466209e+00,3.549640571497348684e+00
8.084489939305679940e+00,3.546904917461866535e+00
8.189116771341780066e+00,3.577163300539356605e+00
8.183678926846649659e+00,3.575592535941411132e+00
6.969515940062221304e+00,3.228589066613814840e+00
7.405775518233607357e+00,3.354598894490079974e+00
7.397195386264726835e+00,3.352007642734853299e+00
7.405161548574252350e+00,3.354421342600499845e+00
7.397305819714002695e+00,3.352152184841759919e+00
7.845712733815227935e+00,3.474325302765349122e+00
7.381700420923197115e+00,3.347540952609947329e+00
8.024958740713216798e+00,3.529756579615427992e+00
6.906070761228054522e+00,3.210262679561406429e+00
7.385609575870436316e+00,3.348772291369223719e+00
6.901434398032337825e+00,3.208923267144805358e+00
7.613458877753059184e+00,3.410842137929484430e+00
7.790661935162281893e+00,3.465768920224677530e+00
8.018382864381166542e+00,3.531526905116327164e+00
8.005024998984056950e+00,3.523950323975771681e+00
8.041777703638302910e+00,3.538276097075470972e+00
7.573430485514467847e+00,3.399279674638465032e+00
7.591193355229233219e+00,3.404410159203078656e+00
7.574070416628563507e+00,3.399464228865732629e+00
7.964229713733173455e+00,3.512166316207292471e+00
7.579065352552124324e+00,3.400906672763289507e+00
7.531981713388439914e+00,3.387306890349859767e+00
7.122485937658911581e+00,3.269065338428721379e+00
7.147441504496056197e+00,3.276273346675382392e+00
7.820054210289269392e+00,3.474247985063601885e+00
7.976974828410712703e+00,3.519556955314707025e+00
7.525122072398156448e+00,3.385324767838635118e+00
7.107899702627296534e+00,3.264851455745277242e+00
7.954152808743872427e+00,3.512964554120060701e+00
7.495496430743360250e+00,3.376767202294969294e+00
7.484005181696343101e+00,3.373447900375933894e+00
7.474448411886065458e+00,3.370687350864375098e+00
6.668740321871231558e+00,3.138035464517316075e+00
7.085538658864187767e+00,3.258345682857035186e+00
7.886299075582378748e+00,3.493364643421245308e+00
7.433712863492621281e+00,3.358920583561082918e+00
7.400509737265068111e+00,3.349330011725207612e+00
7.392035292164059967e+00,3.346882066756459828e+00
7.379570030687959914e+00,3.343281412551970533e+00
6.604353137601600920e+00,3.119436583440402977e+00
7.009325895719088706e+00,3.236331086737967766e+00
6.314855530098085978e+00,3.039612176879794347e+00
7.793377947825884888e+00,3.462851605631901641e+00
7.307937362014405025e+00,3.322590058414652603e+00
7.309652513231377213e+00,3.323085258919207696e+00
7.283978405437489201e+00,3.315669346922808014e+00
7.286535286411544021e+00,3.316407667912081081e+00
6.331785940463223739e+00,3.048138255645651107e+00
6.883815572221102741e+00,3.203749247194854544e+00
6.872624708982899122e+00,3.200516664508328724e+00
7.223604476502336169e+00,3.298229884657037481e+00
7.884862849607921831e+00,3.485494253968572487e+00
6.899927366170514276e+00,3.201136084437044893e+00
7.857320650001302198e+00,3.477538522024886003e+00
6.816456906283647754e+00,3.184291086464019038e+00
6.865310332973761476e+00,3.191136624865366311e+00
6.819126484088439355e+00,3.185062673350775420e+00
6.705325652061636887e+00,3.152332354959714866e+00
7.527478233975774202e+00,3.389774339403310410e+00
7.316353127927021305e+00,3.328854414880591417e+00
6.202045515549206911e+00,3.006963499915479066e+00
6.830441959646247341e+00,3.184603778540584074e+00
6.840609738942919904e+00,3.187538342223602328e+00
7.673739911031173477e+00,3.439292719914480934e+00
6.787510370807087412e+00,3.172202681867333673e+00
6.772895744436373988e+00,3.167981143146421541e+00
5.682368267575794718e+00,2.853165010624374887e+00
6.719097670993736671e+00,3.152441603748170174e+00
7.602268940035466827e+00,3.418647782885863240e+00
7.407544389768794701e+00,3.358798185435845518e+00
6.512505788635841952e+00,3.096500761639124466e+00
7.415795736905547386e+00,3.364853159339080246e+00
7.400676722225743021e+00,3.356761162414092947e+00
6.402527104561004379e+00,3.064741630156330832e+00
